17
9
18
16
20
11
14
23
8
7
24
19
7
14
7
16
22
12
12
22
9
16
23
13
12
5
15
11
8
20
17
19
22
18
15
19
13
23
20
8
17
10
20
9
10
6
20
5
13
14
6
12
18
16
11
5
5
19
17
14
21
10
17
12
10
17
11
14
9
11
13
10
16
8
21
21
14
16
8
19
19
23
10
8
18
16
16
9
12
16
11
13
14
13
9
18
21
18
5
20
8
6
20
13
7
22
13
16
22
19
5
8
11
24
23
7
8
12
16
24
22
12
18
5
19
18
7
21
15
12
19
8
12
14
24
17
11
9
15
23
12
6
16
14
11
21
18
12
8
17
14
11
17
14
6
16
18
24
6
5
17
17
8
18
18
24
22
10
10
10
14
14
16
21
10
11
9
19
9
22
10
10
14
5
9
9
6
15
6
22
10
17
24
23
21
13
13
19
20
