0 253 323 54 121 239 181 290 232 180 191 158 165 316 245 350 86 180 273 248 280 159 161 245 269 50 111 199 146 70 82 198 147 92 74 184 228 214 30 303 292 277 287 276 256 251 268 117 214 205 143 191 319 133 268 327 207 129 224 193 100 41 217 232 122 172 31 389 282 206 119 146 264 13 134 61 264 276 67 110 124 315 184 187 132 195 191 300 315 209 242 154 131 111 301 185 302 382 314 269 254
253 0 573 302 199 275 144 326 308 131 398 411 417 411 472 515 302 423 497 266 317 210 177 42 471 286 279 76 296 319 222 168 198 208 220 70 27 465 261 524 303 485 489 280 491 61 384 352 110 313 320 117 148 184 154 570 78 382 253 93 329 233 441 436 226 143 222 509 326 225 354 128 465 240 336 280 343 528 320 360 161 538 434 439 385 258 176 486 127 253 292 363 154 352 70 398 523 504 490 503 108
323 573 0 271 393 433 496 448 394 498 218 182 158 391 146 291 313 152 141 450 445 409 468 558 201 305 315 510 320 269 357 505 410 373 357 505 549 108 324 145 473 187 203 472 113 559 353 266 509 357 349 511 605 410 543 53 515 200 495 498 248 340 166 205 411 488 354 386 439 491 264 468 205 334 258 295 397 52 256 232 442 139 139 137 195 460 457 239 608 420 421 235 429 256 611 209 148 378 260 109 548
54 302 271 0 141 238 236 282 221 235 143 119 116 291 191 306 104 125 219 251 274 172 214 289 219 69 95 242 126 57 99 252 165 114 96 234 278 163 70 249 291 226 237 278 202 293 242 109 249 188 166 246 353 157 296 273 249 86 270 233 51 70 163 182 170 226 83 355 274 256 111 200 215 64 93 41 248 226 26 82 179 261 132 137 87 239 213 253 351 212 238 108 166 98 344 135 249 347 269 214 290
121 199 393 141 0 129 208 184 137 198 200 261 251 239 277 321 206 241 301 134 174 40 209 172 272 171 82 125 97 186 42 236 26 28 47 148 183 292 149 327 179 286 289 160 300 169 201 237 115 127 258 201 214 17 155 382 127 228 295 110 145 80 247 237 203 198 105 329 179 270 239 157 266 109 141 104 175 355 167 222 161 341 259 271 228 275 72 287 215 97 137 168 45 229 221 202 325 323 293 311 154
239 275 433 238 129 0 329 56 44 317 214 347 322 138 292 262 325 291 309 18 46 90 335 235 259 288 144 202 121 294 158 358 106 153 167 250 270 349 270 327 52 277 272 40 323 222 121 347 165 76 382 317 209 127 149 406 198 314 423 185 215 199 267 236 333 320 231 236 53 397 348 279 253 231 183 197 71 407 264 320 288 340 319 338 311 404 100 253 223 31 18 200 157 336 264 223 324 232 249 331 182
181 144 496 236 208 329 0 386 345 14 368 318 338 448 427 516 190 361 454 328 376 241 36 169 446 191 262 155 292 227 203 29 225 196 196 97 119 389 172 484 373 456 465 350 438 187 408 243 198 334 189 27 281 204 263 507 166 296 111 167 280 186 398 408 96 9 155 536 382 83 245 50 441 173 306 234 383 446 243 266 57 496 361 359 301 113 235 473 263 299 341 330 172 248 214 363 483 530 483 451 223
290 326 448 282 184 56 386 0 62 374 231 383 354 100 304 241 375 317 315 60 10 146 391 285 260 337 187 256 158 339 211 415 162 207 220 305 323 375 320 329 32 278 269 50 335 270 105 392 216 99 433 373 242 184 188 416 250 352 479 238 252 251 282 244 388 377 284 196 9 453 393 335 255 282 214 242 52 429 308 362 344 342 347 368 348 460 155 244 260 87 47 226 213 380 308 242 326 194 235 342 227
232 308 394 221 137 44 345 62 0 335 175 321 292 104 251 219 316 257 266 62 55 104 347 270 215 278 125 233 95 278 157 373 121 156 165 274 299 315 262 283 79 233 227 78 282 259 79 331 200 38 375 336 253 141 191 365 229 289 432 215 190 194 227 194 336 336 229 201 53 407 332 295 209 225 152 181 37 371 246 300 299 297 287 307 286 410 131 208 266 55 28 166 174 319 303 185 280 196 204 290 222
180 131 498 235 198 317 14 374 335 0 363 321 339 438 424 509 196 360 452 316 364 231 47 155 441 193 256 141 285 229 196 43 214 188 189 83 105 390 174 482 360 452 460 338 437 172 399 249 184 325 198 15 266 193 249 507 152 298 126 153 277 182 395 404 104 13 153 528 371 97 251 41 437 171 301 230 373 448 244 269 56 494 362 361 303 127 222 467 249 288 330 326 161 252 200 360 481 521 477 449 208
191 398 218 143 200 214 368 231 175 363 0 181 140 191 80 164 243 91 101 232 227 203 351 372 78 211 118 325 109 188 176 387 209 190 180 339 379 147 213 127 254 89 97 253 108 369 145 229 313 138 303 372 399 216 335 193 328 158 413 310 92 181 53 40 312 358 212 227 221 398 229 324 73 196 62 133 181 197 153 186 310 141 124 147 152 383 251 110 405 203 203 37 243 214 421 13 125 219 126 118 348
158 411 182 119 261 347 318 383 321 321 181 0 44 367 176 335 131 98 199 361 376 290 288 404 230 128 203 358 226 93 219 325 284 234 216 341 385 83 150 226 397 229 245 388 166 409 319 84 368 284 169 335 472 277 416 205 365 33 313 350 131 188 162 204 229 310 189 408 374 308 82 295 229 172 170 158 341 130 95 52 266 232 72 54 35 278 333 275 470 323 342 164 285 74 459 168 227 399 295 176 409
165 417 158 116 251 322 338 354 292 339 140 44 0 330 131 290 160 53 154 338 348 275 311 406 186 147 183 359 201 111 211 348 272 227 209 349 393 50 165 182 371 184 200 363 122 409 282 120 363 255 206 352 465 268 406 171 365 43 345 349 109 187 118 160 255 329 196 366 344 338 120 309 185 177 140 147 309 110 98 79 283 189 28 21 37 311 320 230 465 301 316 129 281 108 460 127 183 357 251 133 404
316 411 391 291 239 138 448 100 104 438 191 367 330 0 246 145 394 283 250 150 105 209 446 373 190 356 204 337 170 348 251 475 225 253 259 379 404 337 345 256 133 207 194 149 278 360 49 398 302 114 455 440 342 245 284 351 333 340 528 319 247 283 233 188 430 438 320 98 95 505 399 397 186 312 203 257 68 382 312 360 399 268 315 339 335 504 235 162 358 158 120 203 278 384 402 204 253 95 148 282 320
245 472 146 191 277 292 427 304 251 424 80 176 131 246 0 167 275 80 27 310 300 283 406 449 63 251 195 401 189 220 249 443 288 263 252 410 451 108 260 57 329 55 73 330 32 446 207 246 391 216 330 435 479 293 415 113 404 167 457 387 147 246 30 59 359 417 271 253 294 445 246 388 65 253 136 196 251 138 190 202 369 69 104 126 159 424 331 107 485 283 279 109 319 233 498 75 57 245 129 38 427
350 515 291 306 321 262 516 241 219 509 164 335 290 145 167 0 408 236 155 279 243 305 505 482 105 375 253 439 225 353 313 539 317 322 320 469 502 275 374 146 273 111 94 285 192 473 141 392 413 203 468 516 472 333 411 241 438 318 574 422 255 331 172 131 472 506 366 97 233 556 393 469 105 352 216 289 194 299 317 348 460 152 266 290 311 544 344 60 486 272 244 198 365 378 520 175 142 89 39 189 439
86 302 313 104 206 325 190 375 316 196 243 131 160 394 275 408 0 198 302 334 366 244 158 304 314 37 192 264 225 55 168 194 233 177 160 232 275 209 56 332 378 319 332 362 277 314 345 52 287 286 61 211 392 217 346 332 273 116 185 261 154 127 252 279 98 183 102 459 367 178 55 176 311 96 197 136 347 261 90 81 144 342 187 179 123 151 274 352 384 295 328 210 209 57 360 233 333 451 369 289 326
180 423 152 125 241 291 361 317 257 360 91 98 53 283 80 236 198 0 105 308 311 257 337 406 132 177 163 358 173 144 205 374 258 221 205 357 400 57 189 135 337 130 147 332 79 407 237 166 356 219 251 372 453 258 392 148 363 87 381 346 95 190 64 107 286 351 209 313 307 372 166 326 131 190 110 143 269 117 117 122 304 144 32 56 79 348 305 176 455 274 283 91 277 153 459 78 135 304 197 91 395
273 497 141 219 301 309 454 315 266 452 101 199 154 250 27 155 302 105 0 327 313 305 434 473 60 279 219 426 211 247 274 471 311 289 278 436 477 125 287 30 342 45 62 345 37 470 215 272 414 232 356 462 500 317 436 101 429 192 485 412 175 273 56 72 387 445 299 247 306 473 271 415 64 280 161 223 263 144 218 228 396 41 126 147 185 452 353 99 507 301 295 133 343 258 522 99 30 238 121 34 450
248 266 450 251 134 18 328 60 62 316 232 361 338 150 310 279 334 308 327 0 50 93 336 226 277 298 158 195 137 305 167 357 109 160 175 245 263 366 278 345 45 295 290 27 341 212 138 358 156 94 390 314 193 130 134 424 190 328 424 178 230 208 285 254 337 319 238 249 60 398 360 278 272 239 199 209 85 424 277 333 289 359 336 354 326 407 95 271 208 39 34 217 157 348 251 241 342 245 266 349 170
280 317 445 274 174 46 376 10 55 364 227 376 348 105 300 243 366 311 313 50 0 136 381 276 259 328 178 246 150 330 201 405 152 197 210 295 314 369 311 327 30 276 269 43 332 262 105 383 207 92 423 363 236 173 180 413 241 344 469 229 245 241 278 242 378 367 274 202 10 443 385 325 253 273 207 234 51 424 299 354 334 341 341 362 341 450 145 245 253 77 37 220 203 372 300 238 324 200 236 339 219
159 210 409 172 40 90 241 146 104 231 203 290 275 209 283 305 244 257 305 93 136 0 245 177 269 209 93 134 94 221 77 270 16 67 84 170 199 312 188 329 139 284 285 120 308 170 175 273 111 103 297 231 196 37 134 393 133 256 333 117 166 118 254 237 243 232 145 303 141 307 275 191 263 148 150 132 142 374 198 254 198 343 279 294 255 314 48 278 201 58 100 176 69 264 220 208 327 297 281 319 145
161 177 468 214 209 335 36 391 347 47 351 288 311 446 406 505 158 337 434 336 381 245 0 198 429 163 253 178 285 199 197 37 229 193 189 122 151 361 147 464 381 439 448 360 415 214 404 211 218 332 153 62 307 207 284 481 189 268 90 186 261 173 378 392 61 33 139 532 387 62 213 62 425 155 291 218 384 417 219 236 47 475 335 331 273 83 246 459 292 304 345 314 179 216 246 346 463 525 471 428 247
245 42 558 289 172 235 169 285 270 155 372 404 406 373 449 482 304 406 473 226 276 177 198 0 443 283 254 48 267 314 201 196 167 186 200 77 53 452 258 500 261 458 461 238 470 19 348 352 70 279 330 143 112 156 112 551 44 373 281 62 310 219 418 410 239 166 215 471 286 252 354 141 438 231 313 263 305 515 310 355 173 513 420 427 376 281 139 455 94 215 253 340 130 350 56 374 498 466 459 482 65
269 471 201 219 272 259 446 260 215 441 78 230 186 190 63 105 314 132 60 277 259 269 429 443 0 285 192 397 176 259 252 465 277 265 257 415 453 170 289 68 289 17 18 293 92 438 157 293 380 184 372 450 458 287 395 160 399 216 489 382 168 259 68 37 389 436 290 190 251 475 293 402 5 273 140 211 207 200 225 248 388 81 161 184 209 458 315 45 467 256 244 115 316 279 489 83 65 181 66 93 413
50 286 305 69 171 288 191 337 278 193 211 128 147 356 251 375 37 177 279 298 328 209 163 283 285 0 154 241 188 36 132 200 198 142 124 216 260 198 25 309 341 291 303 325 256 291 308 69 259 248 98 207 365 183 316 318 249 105 206 236 120 91 225 249 109 182 72 424 329 194 72 167 282 61 162 98 309 255 61 76 138 319 172 168 110 173 241 321 359 258 290 177 179 66 340 203 309 416 337 268 299
111 279 315 95 82 144 262 187 125 256 118 203 183 204 195 253 192 163 219 158 178 93 253 254 192 154 0 207 34 152 60 286 95 72 66 222 261 218 141 245 196 206 211 184 218 251 157 205 197 94 252 262 290 98 228 301 209 170 328 192 74 81 164 157 228 252 118 281 178 308 206 215 187 108 59 56 154 280 121 176 207 259 186 202 168 302 142 213 293 119 142 86 125 193 303 120 244 273 221 229 234
199 76 510 242 125 202 155 256 233 141 325 358 359 337 401 439 264 358 426 195 246 134 178 48 397 241 207 0 221 269 153 185 122 138 152 58 67 404 215 452 235 412 414 212 422 51 308 310 44 237 295 134 133 110 107 503 10 327 266 17 262 171 371 363 210 150 170 434 255 237 312 116 391 186 265 215 269 467 264 310 144 466 372 380 329 261 102 410 121 178 218 292 82 307 102 327 451 429 414 434 69
146 296 320 126 97 121 292 158 95 285 109 226 201 170 189 225 225 173 211 137 150 94 285 267 176 188 34 221 0 184 88 317 101 97 96 244 280 229 176 235 170 191 193 162 216 262 123 236 204 61 286 290 289 111 226 300 222 194 362 205 95 115 160 143 262 282 152 247 149 340 237 243 170 142 62 89 122 289 151 204 238 249 199 217 191 336 142 190 296 101 116 84 142 224 313 114 233 240 196 226 239
70 319 269 57 186 294 227 339 278 229 188 93 111 348 220 353 55 144 247 305 330 221 199 314 259 36 152 269 184 0 145 236 212 158 139 248 293 162 57 277 346 263 277 332 223 320 298 53 284 245 114 243 390 200 337 283 277 69 237 263 102 107 196 224 144 219 99 409 331 228 54 202 256 83 147 96 306 219 36 41 174 287 136 132 74 204 258 297 385 265 294 157 201 43 370 178 278 400 315 235 325
82 222 357 99 42 158 203 211 157 196 176 219 211 251 249 313 168 205 274 167 201 77 197 201 252 132 60 153 88 145 0 228 67 15 8 162 202 253 111 302 211 265 271 194 269 201 207 196 152 136 223 202 254 57 197 350 158 186 277 141 109 41 218 216 180 193 72 335 204 254 198 155 247 72 114 63 192 317 125 180 150 315 221 232 186 254 114 273 253 128 163 141 71 188 254 176 301 328 282 281 192
198 168 505 252 236 358 29 415 373 43 387 325 348 475 443 539 194 374 471 357 405 270 37 196 465 200 286 185 317 236 228 0 253 222 220 126 145 399 185 501 402 475 484 380 453 214 434 246 228 361 183 53 308 232 292 519 195 305 85 196 298 207 415 428 96 37 175 562 411 57 248 79 461 191 326 254 411 454 256 273 78 513 372 368 311 93 265 494 290 328 370 350 201 252 238 382 500 556 505 465 251
147 198 410 165 26 106 225 162 121 214 209 284 272 225 288 317 233 258 311 109 152 16 229 167 277 198 95 122 101 212 67 253 0 55 73 155 185 311 176 336 155 292 294 135 312 161 190 263 103 117 284 215 195 21 134 396 122 251 316 105 164 107 258 244 227 216 132 318 158 290 265 174 271 136 153 126 158 373 191 247 181 350 278 292 251 298 48 288 198 75 116 179 53 255 212 212 334 313 292 323 139
92 208 373 114 28 153 196 207 156 188 190 234 227 253 263 322 177 221 289 160 197 67 193 186 265 142 72 138 97 158 15 222 55 0 18 150 189 269 120 316 205 278 283 187 284 186 211 208 136 139 230 193 238 42 182 365 142 201 275 125 125 51 233 229 181 187 78 340 201 252 210 147 260 81 128 79 192 333 139 194 145 330 237 248 202 254 100 284 237 122 160 155 56 200 238 190 315 333 292 296 177
74 220 357 96 47 167 196 220 165 189 180 216 209 259 252 320 160 205 278 175 210 84 189 200 257 124 66 152 96 139 8 220 73 18 0 158 199 252 103 306 219 270 276 202 271 201 216 190 154 145 215 195 257 61 200 351 157 183 268 141 109 33 221 221 171 186 64 343 213 246 192 148 252 64 118 62 201 316 121 175 142 319 220 230 183 245 119 279 255 136 172 145 72 182 253 180 304 336 288 283 194
184 70 505 234 148 250 97 305 274 83 339 341 349 379 410 469 232 357 436 245 295 170 122 77 415 216 222 58 244 248 162 126 155 150 158 0 44 397 191 464 288 428 433 264 428 92 346 282 102 272 254 75 185 137 166 505 69 313 209 71 264 166 380 379 162 92 152 474 303 180 284 64 410 171 277 215 312 459 251 290 96 478 366 371 316 206 150 434 169 222 264 304 103 281 130 339 463 468 441 440 125
228 27 549 278 183 270 119 323 299 105 379 385 393 404 451 502 275 400 477 263 314 199 151 53 453 260 261 67 280 293 202 145 185 189 199 44 0 441 235 505 302 467 472 279 470 72 374 325 108 302 293 92 165 169 162 548 73 357 230 85 307 210 421 418 199 118 197 501 322 201 328 101 448 215 317 258 336 504 295 334 134 518 410 415 360 233 169 470 146 245 286 344 137 325 95 379 503 496 476 482 116
214 465 108 163 292 349 389 375 315 390 147 83 50 337 108 275 209 57 125 366 369 312 361 452 170 198 218 404 229 162 253 399 311 269 252 397 441 0 216 149 394 164 181 390 89 454 292 167 406 277 252 403 505 309 445 122 410 93 394 394 146 233 107 154 306 380 245 359 365 388 165 360 171 226 167 190 326 63 147 128 334 153 32 30 87 360 359 215 506 331 341 149 325 155 506 134 151 350 237 97 446
30 261 324 70 149 270 172 320 262 174 213 150 165 345 260 374 56 189 287 278 311 188 147 258 289 25 141 215 176 57 111 185 176 120 103 191 235 216 0 318 322 296 307 306 268 266 298 95 234 235 112 187 340 160 291 334 224 125 200 211 120 70 233 252 100 164 47 417 313 186 97 144 285 39 158 89 295 275 71 99 117 329 188 187 129 170 217 323 333 239 273 177 154 91 314 205 317 409 337 280 274
303 524 145 249 327 327 484 329 283 482 127 226 182 256 57 146 332 135 30 345 327 329 464 500 68 309 245 452 235 277 302 501 336 316 306 464 505 149 318 0 357 51 62 362 60 496 226 301 439 251 386 492 522 343 458 96 455 221 515 438 204 302 86 92 417 475 329 241 319 503 300 444 74 310 188 252 276 157 248 257 426 13 154 173 214 482 377 97 530 322 312 161 370 287 548 126 3 233 116 52 474
292 303 473 291 179 52 373 32 79 360 254 397 371 133 329 273 378 337 342 45 30 139 381 261 289 341 196 235 170 346 211 402 155 205 219 288 302 394 322 357 0 306 299 23 360 245 136 399 193 117 434 358 211 175 159 442 229 365 470 218 265 252 306 271 383 364 283 227 40 444 401 323 283 283 230 250 82 451 317 372 335 371 366 386 362 453 138 275 230 83 54 245 202 388 280 265 354 226 267 368 201
277 485 187 226 286 277 456 278 233 452 89 229 184 207 55 111 319 130 45 295 276 284 439 458 17 291 206 412 191 263 265 475 292 278 270 428 467 164 296 51 306 0 17 311 80 453 175 295 396 201 376 461 475 302 411 144 413 216 496 396 177 270 68 49 396 446 300 201 268 482 295 413 23 283 152 221 225 189 230 250 398 64 158 180 209 465 331 54 484 273 261 126 330 281 504 92 48 193 75 80 429
287 489 203 237 289 272 465 269 227 460 97 245 200 194 73 94 332 147 62 290 269 285 448 461 18 303 211 414 193 277 271 484 294 283 276 433 472 181 307 62 299 17 0 305 98 455 165 310 397 198 390 469 473 305 409 158 416 232 508 399 187 278 83 56 407 455 309 184 260 493 310 421 23 292 159 230 217 206 243 265 407 73 175 198 225 477 331 36 483 270 256 134 334 296 506 102 58 176 58 97 429
276 280 472 278 160 40 350 50 78 338 253 388 363 149 330 285 362 332 345 27 43 120 360 238 293 325 184 212 162 332 194 380 135 187 202 264 279 390 306 362 23 311 305 0 361 223 146 386 170 114 417 335 192 155 138 444 205 355 449 195 256 235 306 273 363 342 265 246 54 422 387 301 288 266 224 237 91 447 304 360 313 375 360 379 352 432 115 283 210 67 50 241 181 375 258 263 359 243 277 369 179
256 491 113 202 300 323 438 335 282 437 108 166 122 278 32 192 277 79 37 341 332 308 415 470 92 256 218 422 216 223 269 453 312 284 271 428 470 89 268 60 360 80 98 361 0 469 239 243 415 246 328 448 505 316 442 84 426 163 461 409 163 262 55 91 365 429 284 282 325 451 242 401 95 265 159 212 283 108 196 199 381 66 94 112 156 427 357 134 510 312 310 132 340 229 521 101 62 273 156 12 452
251 61 559 293 169 222 187 270 259 172 369 409 409 360 446 473 314 407 470 212 262 170 214 19 438 291 251 51 262 320 201 214 161 186 201 92 72 454 266 496 245 453 455 223 469 0 337 361 59 269 342 161 93 153 93 551 44 378 299 60 311 222 416 405 254 183 221 458 271 270 363 156 433 237 310 264 292 517 315 361 187 510 422 430 380 298 128 448 77 203 240 337 130 358 52 371 494 454 451 480 47
268 384 353 242 201 121 408 105 79 399 145 319 282 49 207 141 345 237 215 138 105 175 404 348 157 308 157 308 123 298 207 434 190 211 216 346 374 292 298 226 136 175 165 146 239 337 0 348 278 74 407 402 331 209 270 316 306 291 484 291 198 238 190 147 384 398 274 128 96 462 349 358 152 265 153 209 54 340 263 310 357 238 269 292 286 459 209 139 345 133 103 154 243 335 382 158 222 122 131 244 301
117 352 266 109 237 347 243 392 331 249 229 84 120 398 246 392 52 166 272 358 383 273 211 352 293 69 205 310 236 53 196 246 263 208 190 282 325 167 95 301 399 295 310 386 243 361 348 0 329 298 86 264 435 250 385 289 319 79 228 306 150 157 227 261 150 236 142 454 384 226 2 228 291 130 195 149 358 213 86 44 197 309 149 136 87 194 308 334 429 319 347 201 248 14 408 217 302 445 353 254 369
214 110 509 249 115 165 198 216 200 184 313 368 363 302 391 413 287 356 414 156 207 111 218 70 380 259 197 44 204 284 152 228 103 136 154 102 108 406 234 439 193 396 397 170 415 59 278 329 0 209 325 177 106 98 65 498 35 336 308 32 261 180 361 348 244 192 187 400 216 279 331 156 374 200 255 216 234 469 273 324 180 453 374 384 337 300 69 389 101 144 182 282 83 324 108 316 437 396 391 426 40
205 313 357 188 127 76 334 99 38 325 138 284 255 114 216 203 286 219 232 94 92 103 332 279 184 248 94 237 61 245 136 361 117 139 145 272 302 277 235 251 117 201 198 114 246 269 74 298 209 0 347 328 276 135 212 330 235 253 413 220 154 170 191 160 316 325 206 202 89 390 299 284 179 200 115 150 60 333 212 265 284 265 249 269 249 390 141 183 287 72 64 128 169 285 317 148 248 196 183 254 237
143 320 349 166 258 382 189 433 375 198 303 169 206 455 330 468 61 251 356 390 423 297 153 330 372 98 252 295 286 114 223 183 284 230 215 254 293 252 112 386 434 376 390 417 328 342 407 86 325 347 0 214 428 267 387 375 306 164 147 296 216 182 308 339 94 185 152 521 426 150 87 191 370 151 259 197 407 296 150 128 158 394 235 222 172 113 322 412 417 351 386 271 253 98 384 293 386 513 429 339 362
191 117 511 246 201 317 27 373 336 15 372 335 352 440 435 516 211 372 462 314 363 231 62 143 450 207 262 134 290 243 202 53 215 193 195 75 92 403 187 492 358 461 469 335 448 161 402 264 177 328 214 0 255 195 241 519 144 312 137 146 287 190 405 413 120 29 163 531 370 109 266 47 445 182 309 240 374 462 256 283 69 504 374 374 317 141 220 475 237 288 330 335 162 267 187 369 491 525 484 460 199
319 148 605 353 214 209 281 242 253 266 399 472 465 342 479 472 392 453 500 193 236 196 307 112 458 365 290 133 289 390 254 308 195 238 257 185 165 505 340 522 211 475 473 192 505 93 331 435 106 276 428 255 0 197 63 589 122 440 393 131 359 284 450 430 343 277 293 439 247 364 437 247 453 306 347 318 279 569 377 429 276 536 473 486 441 391 148 459 23 203 227 373 188 430 89 404 520 436 457 516 66
133 184 410 157 17 127 204 184 141 193 216 277 268 245 293 333 217 258 317 130 173 37 207 156 287 183 98 110 111 200 57 232 21 42 61 137 169 309 160 343 175 302 305 155 316 153 209 250 98 135 267 195 197 0 139 399 111 244 295 94 162 93 263 253 207 194 115 337 179 269 252 153 281 121 157 120 179 372 182 236 160 357 276 288 244 277 57 301 198 96 138 184 33 243 205 218 341 332 306 328 137
268 154 543 296 155 149 263 188 191 249 335 416 406 284 415 411 346 392 436 134 180 134 284 112 395 316 228 107 226 337 197 292 134 182 200 166 162 445 291 458 159 411 409 138 442 93 270 385 65 212 387 241 63 139 0 526 97 383 373 97 298 231 386 366 309 257 244 382 191 344 387 221 389 255 284 259 219 508 322 375 246 472 413 426 383 366 86 396 74 140 167 309 137 379 121 340 456 379 394 452 46
327 570 53 273 382 406 507 416 365 507 193 205 171 351 113 241 332 148 101 424 413 393 481 551 160 318 301 503 300 283 350 519 396 365 351 505 548 122 334 96 442 144 158 444 84 551 316 289 498 330 375 519 589 399 526 0 508 215 516 491 241 338 140 171 427 498 357 338 406 510 288 474 164 338 242 290 363 90 263 251 450 88 146 153 209 482 441 193 594 396 393 216 421 278 603 186 100 330 213 75 535
207 78 515 249 127 198 166 250 229 152 328 365 365 333 404 438 273 363 429 190 241 133 189 44 399 249 209 10 222 277 158 195 122 142 157 69 73 410 224 455 229 413 416 205 426 44 306 319 35 235 306 144 122 111 97 508 0 334 277 17 267 178 374 365 220 161 178 431 249 248 321 127 393 194 268 220 265 473 271 318 154 469 378 386 336 272 98 411 111 175 214 295 86 316 96 330 453 426 414 438 58
129 382 200 86 228 314 296 352 289 298 158 33 43 340 167 318 116 87 192 328 344 256 268 373 216 105 170 327 194 69 186 305 251 201 183 313 357 93 125 221 365 216 232 355 163 378 291 79 336 253 164 312 440 244 383 215 334 0 301 319 99 156 149 186 212 288 160 386 342 294 79 270 214 142 140 124 311 150 63 36 242 229 71 63 7 267 299 259 438 290 310 137 252 66 429 146 222 377 278 175 377
224 253 495 270 295 423 111 479 432 126 413 313 345 528 457 574 185 381 485 424 469 333 90 281 489 206 328 266 362 237 277 85 316 275 268 209 230 394 200 515 470 496 508 449 461 299 484 228 308 413 147 137 393 295 373 516 277 301 0 276 321 247 432 453 101 116 210 609 474 28 230 152 486 222 358 285 468 442 267 265 135 525 372 363 308 34 336 523 375 391 432 377 268 238 324 406 515 602 538 473 334
193 93 498 233 110 185 167 238 215 153 310 350 349 319 387 422 261 346 412 178 229 117 186 62 382 236 192 17 205 263 141 196 105 125 141 71 85 394 211 438 218 396 399 195 409 60 291 306 32 220 296 146 131 94 97 491 17 319 276 0 250 162 357 348 214 160 164 416 237 247 308 124 376 180 251 204 251 457 255 304 149 451 361 370 321 269 84 394 122 161 201 278 69 302 112 312 436 411 398 421 65
100 329 248 51 145 215 280 252 190 277 92 131 109 247 147 255 154 95 175 230 245 166 261 310 168 120 74 262 95 102 109 298 164 125 109 264 307 146 120 204 265 177 187 256 163 311 198 150 261 154 216 287 359 162 298 241 267 99 321 250 0 98 118 131 220 270 124 306 243 306 151 240 164 106 44 49 212 209 66 113 222 216 114 128 96 291 212 202 360 192 211 56 181 136 363 85 203 297 217 175 300
41 233 340 70 80 199 186 251 194 182 181 188 187 283 246 331 127 190 273 208 241 118 173 219 259 91 81 171 115 107 41 207 107 51 33 166 210 233 70 302 252 270 278 235 262 222 238 157 180 170 182 190 284 93 231 338 178 156 247 162 98 0 216 222 146 176 36 362 244 226 159 143 255 31 119 49 228 296 93 144 129 314 201 208 158 221 151 286 281 169 203 144 96 149 273 178 301 355 297 274 220
217 441 166 163 247 267 398 282 227 395 53 162 118 233 30 172 252 64 56 285 278 254 378 418 68 225 164 371 160 196 218 415 258 233 221 380 421 107 233 86 306 68 83 306 55 416 190 227 361 191 308 405 450 263 386 140 374 149 432 357 118 216 0 46 333 388 242 252 272 419 226 358 67 224 106 166 231 149 164 182 340 98 94 117 141 399 302 112 455 256 255 78 288 213 468 45 85 243 133 65 398
232 436 205 182 237 236 408 244 194 404 40 204 160 188 59 131 279 107 72 254 242 237 392 410 37 249 157 363 143 224 216 428 244 229 221 379 418 154 252 92 271 49 56 273 91 405 147 261 348 160 339 413 430 253 366 171 365 186 453 348 131 222 46 0 352 398 253 206 235 438 261 365 32 236 103 174 192 194 189 217 351 106 138 162 179 422 285 73 437 230 223 78 281 247 457 46 90 197 92 97 382
122 226 411 170 203 333 96 388 336 104 312 229 255 430 359 472 98 286 387 337 378 243 61 239 389 109 228 210 262 144 180 96 227 181 171 162 199 306 100 417 383 396 407 363 365 254 384 150 244 316 94 120 343 207 309 427 220 212 101 214 220 146 333 352 0 90 110 509 382 86 152 99 385 120 256 183 372 359 169 178 66 428 281 275 218 74 256 422 330 301 340 276 185 156 292 305 417 501 436 378 278
172 143 488 226 198 320 9 377 336 13 358 310 329 438 417 506 183 351 445 319 367 232 33 166 436 182 252 150 282 219 193 37 216 187 186 92 118 380 164 475 364 446 455 342 429 183 398 236 192 325 185 29 277 194 257 498 161 288 116 160 270 176 388 398 90 0 146 527 373 87 238 41 431 164 296 224 374 438 234 258 48 487 352 350 293 115 227 463 260 290 332 320 163 240 213 353 474 520 473 441 218
31 222 354 83 105 231 155 284 229 153 212 189 196 320 271 366 102 209 299 238 274 145 139 215 290 72 118 170 152 99 72 175 132 78 64 152 197 245 47 329 283 300 309 265 284 221 274 142 187 206 152 163 293 115 244 357 178 160 210 164 124 36 242 253 110 146 0 399 277 190 144 117 286 19 152 79 264 307 98 140 98 341 215 218 163 184 171 319 287 200 236 175 107 137 270 208 328 392 332 297 227
389 509 386 355 329 236 536 196 201 528 227 408 366 98 253 97 459 313 247 249 202 303 532 471 190 424 281 434 247 409 335 562 318 340 343 474 501 359 417 241 227 201 184 246 282 458 128 454 400 202 521 531 439 337 382 338 431 386 609 416 306 362 252 206 509 527 399 0 192 588 454 486 188 388 262 328 166 390 372 412 485 249 345 369 380 583 332 147 456 256 218 252 371 440 500 240 238 9 126 281 419
282 326 439 274 179 53 382 9 53 371 221 374 344 95 294 233 367 307 306 60 10 141 387 286 251 329 178 255 149 331 204 411 158 201 213 303 322 365 313 319 40 268 260 54 325 271 96 384 216 89 426 370 247 179 191 406 249 342 474 237 243 244 272 235 382 373 277 192 0 449 385 332 245 275 204 234 43 419 299 353 340 333 337 358 339 455 153 235 264 83 41 216 210 372 310 232 316 189 227 332 229
206 225 491 256 270 397 83 453 407 97 398 308 338 505 445 556 178 372 473 398 443 307 62 252 475 194 308 237 340 228 254 57 290 252 246 180 201 388 186 503 444 482 493 422 451 270 462 226 279 390 150 109 364 269 344 510 248 294 28 247 306 226 419 438 86 87 190 588 449 0 227 124 471 204 340 267 444 439 255 259 109 514 364 357 301 41 309 507 346 366 407 361 241 234 295 391 503 581 521 463 305
119 354 264 111 239 348 245 393 332 251 229 82 120 399 246 393 55 166 271 360 385 275 213 354 293 72 206 312 237 54 198 248 265 210 192 284 328 165 97 300 401 295 310 387 242 363 349 2 331 299 87 266 437 252 387 288 321 79 230 308 151 159 226 261 152 238 144 454 385 227 0 231 291 132 196 151 359 212 87 44 199 308 148 135 86 196 310 335 431 320 348 202 250 14 410 218 301 446 353 253 371
146 128 468 200 157 279 50 335 295 41 324 295 309 397 388 469 176 326 415 278 325 191 62 141 402 167 215 116 243 202 155 79 174 147 148 64 101 360 144 444 323 413 421 301 401 156 358 228 156 284 191 47 247 153 221 474 127 270 152 124 240 143 358 365 99 41 117 486 332 124 231 0 397 136 262 192 332 419 212 243 33 457 330 331 274 145 186 427 233 248 290 287 121 230 193 321 443 480 437 414 185
264 465 205 215 266 253 441 255 209 437 73 229 185 186 65 105 311 131 64 272 253 263 425 438 5 282 187 391 170 256 247 461 271 260 252 410 448 171 285 74 283 23 23 288 95 433 152 291 374 179 370 445 453 281 389 164 393 214 486 376 164 255 67 32 385 431 286 188 245 471 291 397 0 269 135 207 202 203 221 246 383 87 161 184 207 455 310 45 461 250 238 110 311 277 483 79 71 180 66 96 407
13 240 334 64 109 231 173 282 225 171 196 172 177 312 253 352 96 190 280 239 273 148 155 231 273 61 108 186 142 83 72 191 136 81 64 171 215 226 39 310 283 283 292 266 265 237 265 130 200 200 151 182 306 121 255 338 194 142 222 180 106 31 224 236 120 164 19 388 275 204 132 136 269 0 136 63 259 288 79 124 116 322 195 199 145 195 179 304 301 200 234 158 118 124 287 190 309 381 317 278 241
134 336 258 93 141 183 306 214 152 301 62 170 140 203 136 216 197 110 161 199 207 150 291 313 140 162 59 265 62 147 114 326 153 128 118 277 317 167 158 188 230 152 159 224 159 310 153 195 255 115 259 309 347 157 284 242 268 140 358 251 44 119 106 103 256 296 152 262 204 340 196 262 135 136 0 73 171 227 110 157 249 201 136 155 135 328 199 167 351 164 176 27 182 181 362 62 186 254 180 170 293
61 280 295 41 104 197 234 242 181 230 133 158 147 257 196 289 136 143 223 209 234 132 218 263 211 98 56 215 89 96 63 254 126 79 62 215 258 190 89 252 250 221 230 237 212 264 209 149 216 150 197 240 318 120 259 290 220 124 285 204 49 49 166 174 183 224 79 328 234 267 151 192 207 63 73 0 211 253 67 124 176 265 157 168 124 256 175 240 317 170 197 96 134 138 316 129 251 320 253 225 256
264 343 397 248 175 71 383 52 37 373 181 341 309 68 251 194 347 269 263 85 51 142 384 305 207 309 154 269 122 306 192 411 158 192 201 312 336 326 295 276 82 225 217 91 283 292 54 358 234 60 407 374 279 179 219 363 265 311 468 251 212 228 231 192 372 374 264 166 43 444 359 332 202 259 171 211 0 379 272 324 336 289 300 322 306 446 167 193 294 90 53 179 212 345 335 192 273 162 185 290 253
276 528 52 226 355 407 446 429 371 448 197 130 110 382 138 299 261 117 144 424 424 374 417 515 200 255 280 467 289 219 317 454 373 333 316 459 504 63 275 157 451 189 206 447 108 517 340 213 469 333 296 462 569 372 508 90 473 150 442 457 209 296 149 194 359 438 307 390 419 439 212 419 203 288 227 253 379 0 208 181 393 156 95 88 145 408 422 243 570 391 397 206 388 204 569 186 160 382 264 109 509
67 320 256 26 167 264 243 308 246 244 153 95 98 312 190 317 90 117 218 277 299 198 219 310 225 61 121 264 151 36 125 256 191 139 121 251 295 147 71 248 317 230 243 304 196 315 263 86 273 212 150 256 377 182 322 263 271 63 267 255 66 93 164 189 169 234 98 372 299 255 87 212 221 79 110 67 272 208 0 56 187 259 118 119 65 234 239 262 375 238 263 120 189 73 365 143 248 363 279 209 314
110 360 232 82 222 320 266 362 300 269 186 52 79 360 202 348 81 122 228 333 354 254 236 355 248 76 176 310 204 41 180 273 247 194 175 290 334 128 99 257 372 250 265 360 199 361 310 44 324 265 128 283 429 236 375 251 318 36 265 304 113 144 182 217 178 258 140 412 353 259 44 243 246 124 157 124 324 181 56 0 214 266 107 97 43 231 294 290 425 294 318 160 241 30 411 174 258 403 309 211 364
124 161 442 179 161 288 57 344 299 56 310 266 283 399 369 460 144 304 396 289 334 198 47 173 388 138 207 144 238 174 150 78 181 145 142 96 134 334 117 426 335 398 407 313 381 187 357 197 180 284 158 69 276 160 246 450 154 242 135 149 222 129 340 351 66 48 98 485 340 109 199 33 383 116 249 176 336 393 187 214 0 438 305 304 247 121 201 416 263 257 298 273 132 199 226 306 426 478 427 393 213
315 538 139 261 341 340 496 342 297 494 141 232 189 268 69 152 342 144 41 359 341 343 475 513 81 319 259 466 249 287 315 513 350 330 319 478 518 153 329 13 371 64 73 375 66 510 238 309 453 265 394 504 536 357 472 88 469 229 525 451 216 314 98 106 428 487 341 249 333 514 308 457 87 322 201 265 289 156 259 266 438 0 161 179 222 492 391 107 544 336 325 174 384 296 562 139 16 241 125 56 488
184 434 139 132 259 319 361 347 287 362 124 72 28 315 104 266 187 32 126 336 341 279 335 420 161 172 186 372 199 136 221 372 278 237 220 366 410 32 188 154 366 158 175 360 94 422 269 149 374 249 235 374 473 276 413 146 378 71 372 361 114 201 94 138 281 352 215 345 337 364 148 330 161 195 136 157 300 95 118 107 305 161 0 24 64 338 327 206 474 300 311 120 292 136 474 111 155 336 227 105 413
187 439 137 137 271 338 359 368 307 361 147 54 21 339 126 290 179 56 147 354 362 294 331 427 184 168 202 380 217 132 232 368 292 248 230 371 415 30 187 173 386 180 198 379 112 430 292 136 384 269 222 374 486 288 426 153 386 63 363 370 128 208 117 162 275 350 218 369 358 357 135 331 184 199 155 168 322 88 119 97 304 179 24 0 57 329 340 230 485 318 331 142 302 124 482 134 174 360 251 122 425
132 385 195 87 228 311 301 348 286 303 152 35 37 335 159 311 123 79 185 326 341 255 273 376 209 110 168 329 191 74 186 311 251 202 183 316 360 87 129 214 362 209 225 352 156 380 286 87 337 249 172 317 441 244 383 209 336 7 308 321 96 158 141 179 218 293 163 380 339 301 86 274 207 145 135 124 306 145 65 43 247 222 64 57 0 274 299 252 439 288 307 132 254 73 431 139 215 371 271 167 378
195 258 460 239 275 404 113 460 410 127 383 278 311 504 424 544 151 348 452 407 450 314 83 281 458 173 302 261 336 204 254 93 298 254 245 206 233 360 170 482 453 465 477 432 427 298 459 194 300 390 113 141 391 277 366 482 272 267 34 269 291 221 399 422 74 115 184 583 455 41 196 145 455 195 328 256 446 408 234 231 121 492 338 329 274 0 322 493 375 373 413 347 252 204 328 375 482 576 508 440 330
191 176 457 213 72 100 235 155 131 222 251 333 320 235 331 344 274 305 353 95 145 48 246 139 315 241 142 102 142 258 114 265 48 100 119 150 169 359 217 377 138 331 331 115 357 128 209 308 69 141 322 220 148 57 86 441 98 299 336 84 212 151 302 285 256 227 171 332 153 309 310 186 310 179 199 175 167 422 239 294 201 391 327 340 299 322 0 322 153 76 116 224 70 301 176 256 375 328 323 368 97
300 486 239 253 287 253 473 244 208 467 110 275 230 162 107 60 352 176 99 271 245 278 459 455 45 321 213 410 190 297 273 494 288 284 279 434 470 215 323 97 275 54 36 283 134 448 139 334 389 183 412 475 459 301 396 193 411 259 523 394 202 286 112 73 422 463 319 147 235 507 335 427 45 304 167 240 193 243 262 290 416 107 206 230 252 493 322 0 470 256 236 146 332 320 498 119 93 139 21 134 419
315 127 608 351 215 223 263 260 266 249 405 470 465 358 485 486 384 455 507 208 253 201 292 94 467 359 293 121 296 385 253 290 198 237 255 169 146 506 333 530 230 484 483 210 510 77 345 429 101 287 417 237 23 198 74 594 111 438 375 122 360 281 455 437 330 260 287 456 264 346 431 233 461 301 351 317 294 570 375 425 263 544 474 485 439 375 153 470 0 215 242 377 185 425 66 410 528 453 469 521 61
209 253 420 212 97 31 299 87 55 288 203 323 301 158 283 272 295 274 301 39 77 58 304 215 256 258 119 178 101 265 128 328 75 122 136 222 245 331 239 322 83 273 270 67 312 203 133 319 144 72 351 288 203 96 140 396 175 290 391 161 192 169 256 230 301 290 200 256 83 366 320 248 250 200 164 170 90 391 238 294 257 336 300 318 288 373 76 256 215 0 42 185 126 308 248 211 319 251 254 321 167
242 292 421 238 137 18 341 47 28 330 203 342 316 120 279 244 328 283 295 34 37 100 345 253 244 290 142 218 116 294 163 370 116 160 172 264 286 341 273 312 54 261 256 50 310 240 103 347 182 64 386 330 227 138 167 393 214 310 432 201 211 203 255 223 340 332 236 218 41 407 348 290 238 234 176 197 53 397 263 318 298 325 311 331 307 413 116 236 242 42 0 191 169 335 282 212 309 214 232 318 200
154 363 235 108 168 200 330 226 166 326 37 164 129 203 109 198 210 91 133 217 220 176 314 340 115 177 86 292 84 157 141 350 179 155 145 304 344 149 177 161 245 126 134 241 132 337 154 201 282 128 271 335 373 184 309 216 295 137 377 278 56 144 78 78 276 320 175 252 216 361 202 287 110 158 27 96 179 206 120 160 273 174 120 142 132 347 224 146 377 185 191 0 210 187 389 34 159 244 160 143 319
131 154 429 166 45 157 172 213 174 161 243 285 281 278 319 365 209 277 343 157 203 69 179 130 316 179 125 82 142 201 71 201 53 56 72 103 137 325 154 370 202 330 334 181 340 130 243 248 83 169 253 162 188 33 137 421 86 252 268 69 181 96 288 281 185 163 107 371 210 241 250 121 311 118 182 134 212 388 189 241 132 384 292 302 254 252 70 332 185 126 169 210 0 243 182 244 368 365 338 352 124
111 352 256 98 229 336 248 380 319 252 214 74 108 384 233 378 57 153 258 348 372 264 216 350 279 66 193 307 224 43 188 252 255 200 182 281 325 155 91 287 388 281 296 375 229 358 335 14 324 285 98 267 430 243 379 278 316 66 238 302 136 149 213 247 156 240 137 440 372 234 14 230 277 124 181 138 345 204 73 30 199 296 136 124 73 204 301 320 425 308 335 187 243 0 406 203 288 431 339 241 365
301 70 611 344 221 264 214 308 303 200 421 459 460 402 498 520 360 459 522 251 300 220 246 56 489 340 303 102 313 370 254 238 212 238 253 130 95 506 314 548 280 504 506 258 521 52 382 408 108 317 384 187 89 205 121 603 96 429 324 112 363 273 468 457 292 213 270 500 310 295 410 193 483 287 362 316 335 569 365 411 226 562 474 482 431 328 176 498 66 248 282 389 182 406 0 423 546 496 499 533 81
185 398 209 135 202 223 363 242 185 360 13 168 127 204 75 175 233 78 99 241 238 208 346 374 83 203 120 327 114 178 176 382 212 190 180 339 379 134 205 126 265 92 102 263 101 371 158 217 316 148 293 369 404 218 340 186 330 146 406 312 85 178 45 46 305 353 208 240 232 391 218 321 79 190 62 129 192 186 143 174 306 139 111 134 139 375 256 119 410 211 212 34 244 203 423 0 124 231 136 111 352
302 523 148 249 325 324 483 326 280 481 125 227 183 253 57 142 333 135 30 342 324 327 463 498 65 309 244 451 233 278 301 500 334 315 304 463 503 151 317 3 354 48 58 359 62 494 222 302 437 248 386 491 520 341 456 100 453 222 515 436 203 301 85 90 417 474 328 238 316 503 301 443 71 309 186 251 273 160 248 258 426 16 155 174 215 482 375 93 528 319 309 159 368 288 546 124 0 229 113 54 472
382 504 378 347 323 232 530 194 196 521 219 399 357 95 245 89 451 304 238 245 200 297 525 466 181 416 273 429 240 400 328 556 313 333 336 468 496 350 409 233 226 193 176 243 273 454 122 445 396 196 513 525 436 332 379 330 426 377 602 411 297 355 243 197 501 520 392 9 189 581 446 480 180 381 254 320 162 382 363 403 478 241 336 360 371 576 328 139 453 251 214 244 365 431 496 231 229 0 117 273 415
314 490 260 269 293 249 483 235 204 477 126 295 251 148 129 39 369 197 121 266 236 281 471 459 66 337 221 414 196 315 282 505 292 292 288 441 476 237 337 116 267 75 58 277 156 451 131 353 391 183 429 484 457 306 394 213 414 278 538 398 217 297 133 92 436 473 332 126 227 521 353 437 66 317 180 253 185 264 279 309 427 125 227 251 271 508 323 21 469 254 232 160 338 339 499 136 113 117 0 155 420
269 503 109 214 311 331 451 342 290 449 118 176 133 282 38 189 289 91 34 349 339 319 428 482 93 268 229 434 226 235 281 465 323 296 283 440 482 97 280 52 368 80 97 369 12 480 244 254 426 254 339 460 516 328 452 75 438 175 473 421 175 274 65 97 378 441 297 281 332 463 253 414 96 278 170 225 290 109 209 211 393 56 105 122 167 440 368 134 521 321 318 143 352 241 533 111 54 273 155 0 463
254 108 548 290 154 182 223 227 222 208 348 409 404 320 427 439 326 395 450 170 219 145 247 65 413 299 234 69 239 325 192 251 139 177 194 125 116 446 274 474 201 429 429 179 452 47 301 369 40 237 362 199 66 137 46 535 58 377 334 65 300 220 398 382 278 218 227 419 229 305 371 185 407 241 293 256 253 509 314 364 213 488 413 425 378 330 97 419 61 167 200 319 124 365 81 352 472 415 420 463 0
