17
6
5
19
10
15
19
13
7
20
17
17
10
16
20
7
23
6
10
12
24
16
10
14
19
18
17
22
13
7
20
7
13
21
11
12
14
23
5
20
10
19
5
22
7
10
22
13
6
18
11
22
24
23
12
23
9
23
17
17
16
19
21
9
17
6
7
17
20
7
22
23
13
10
19
19
13
10
14
23
19
13
18
7
12
22
13
22
13
12
5
12
23
10
9
24
13
24
5
24
13
10
19
6
12
23
6
21
9
13
5
15
21
23
24
24
22
12
19
9
6
13
7
18
9
9
18
5
10
12
13
22
24
19
10
18
10
7
19
5
13
18
23
23
23
23
7
11
15
7
10
19
23
10
7
22
5
14
21
10
22
22
5
5
5
23
11
21
9
13
12
6
13
19
6
20
23
19
11
18
5
8
10
21
18
23
7
18
6
9
5
23
16
22
24
23
6
24
18
