0 143 305 358 461 70 143 307 383 251 338 80 301 136 162 355 385 271 259 232 328 93 352 101 202 292 208 354 364 333 26 321 104 73 370 309 183 253 211 155 125 263 355 446 175 223 194 278 115 401 331 313 336 115 365 225 332 176 43 244 408 15 338 138 296 331 206 256 131 292 248 124 315 493 113 230 128 411 380 298 206 150 106 140 370 305 360 237 307 219 104 411 75 333 90 192 233 463 57 368 324 292 102 369 179 256 227 149 377 220 293 187 282 345 152 147 335 267 269 409 345 310 239 211 282 150 208 173 366 99 183 364 45 121 379 391 342 296 185 19 150 258 380 221 189 266 272 312 276 111 539
143 0 223 469 492 155 101 200 471 348 344 67 428 121 132 471 418 403 174 370 399 49 486 51 275 183 328 328 255 328 167 351 157 201 421 222 321 186 301 12 109 362 447 475 55 154 297 368 156 466 397 212 327 121 420 309 386 177 101 276 490 156 443 98 407 387 118 144 272 221 357 105 242 533 164 357 170 470 398 247 298 7 88 66 260 287 364 195 435 95 90 458 132 270 92 263 179 504 86 442 418 231 132 407 132 355 311 147 483 358 194 236 203 410 193 266 423 153 167 413 447 419 150 319 410 271 207 287 372 61 188 439 181 136 459 455 456 243 152 137 273 138 374 206 325 177 348 336 384 114 658
305 223 0 476 358 259 324 60 433 356 208 267 476 172 145 488 301 471 48 462 346 245 546 264 273 65 381 151 84 182 316 248 226 315 331 9 421 54 314 215 330 369 420 342 168 82 330 357 214 390 339 43 176 340 338 309 310 160 282 212 438 320 443 321 424 314 106 90 394 25 381 180 25 408 223 417 212 383 263 66 314 220 200 289 90 137 218 89 485 138 201 353 338 58 305 265 79 384 267 386 401 44 211 300 127 364 310 168 475 449 41 226 23 346 209 340 394 88 62 257 438 432 72 353 465 346 150 344 227 276 163 385 351 193 410 378 470 62 127 313 349 107 212 128 416 45 320 231 400 196 660
358 469 476 0 299 315 501 521 95 125 316 427 89 366 377 23 263 130 459 181 152 428 128 447 209 513 150 389 560 339 333 261 314 285 211 485 208 431 172 478 484 110 79 295 466 425 172 119 318 175 164 512 347 472 197 171 199 333 395 265 125 355 33 496 62 194 444 497 257 451 112 376 465 289 308 136 307 198 300 419 175 475 384 493 567 361 327 390 93 494 382 234 430 455 448 220 407 271 400 139 80 434 340 245 393 117 170 347 31 183 497 258 459 166 292 211 96 507 489 342 44 50 457 150 104 208 329 186 324 450 325 135 357 342 120 177 18 422 376 376 208 512 355 349 193 469 157 272 85 361 190
461 492 358 299 0 392 572 419 205 267 154 489 367 372 360 322 76 394 375 427 168 477 424 502 264 421 340 210 429 178 449 143 363 408 103 368 421 345 275 493 565 266 220 17 457 363 305 238 356 124 158 402 183 563 114 258 138 315 475 221 181 468 273 568 296 141 400 429 441 337 296 390 335 50 353 361 340 101 97 293 281 495 411 547 434 225 140 313 375 457 410 66 533 307 527 272 334 37 469 161 233 316 378 92 364 270 255 346 274 420 397 275 356 148 314 360 211 433 407 105 258 290 388 307 370 364 285 338 132 511 304 165 490 365 178 122 308 298 342 480 365 449 148 289 406 382 213 156 287 387 413
70 155 259 315 392 0 194 273 327 198 269 113 273 88 113 316 315 251 217 224 265 112 333 132 137 259 173 288 327 264 65 251 36 58 303 264 176 204 154 164 181 212 300 376 164 178 144 221 49 337 267 274 267 175 298 165 265 112 87 174 350 79 291 189 253 264 172 227 138 242 203 84 264 424 44 202 60 346 310 240 149 161 79 180 334 239 290 181 280 203 76 343 141 278 142 126 181 394 88 306 270 238 47 300 132 204 167 91 331 211 255 117 235 280 83 111 278 239 234 339 296 266 201 165 256 117 143 132 296 137 117 303 106 65 320 326 302 239 132 88 118 235 311 158 177 226 210 242 230 66 503
143 101 324 501 572 194 0 299 521 390 432 83 444 203 221 498 496 412 276 369 459 96 491 71 331 283 352 424 352 419 169 429 214 216 492 323 321 287 348 109 22 403 494 556 156 254 334 415 218 530 460 312 419 40 489 359 455 259 108 352 544 148 480 4 439 454 219 244 266 322 391 185 343 610 223 374 234 538 482 346 343 104 162 35 357 380 452 291 449 193 163 531 81 371 53 319 277 580 107 501 463 331 195 483 226 396 362 228 520 358 295 302 305 473 260 290 472 252 268 502 486 452 252 353 425 293 292 315 460 61 270 497 157 207 514 519 486 343 244 126 293 236 466 295 330 279 404 416 419 186 682
307 200 60 521 419 273 299 0 484 398 268 255 513 185 162 531 360 503 62 488 398 233 581 247 313 16 415 211 56 241 323 305 246 331 387 51 445 90 353 190 309 412 469 402 146 99 366 402 235 446 391 19 236 321 394 350 365 192 277 261 491 323 489 297 466 368 102 55 411 82 420 189 85 468 245 450 236 440 323 125 353 196 202 263 62 196 278 131 522 105 204 411 326 117 289 304 113 444 261 439 448 102 225 358 142 406 352 190 522 475 24 264 65 400 239 367 443 46 39 317 485 475 72 389 500 373 191 375 287 259 198 438 353 211 463 434 514 121 152 312 376 64 273 171 442 51 367 288 441 206 707
383 471 433 95 205 327 521 484 0 132 248 440 176 356 359 119 179 212 425 256 86 437 223 459 196 479 193 323 516 273 361 194 315 313 127 442 269 395 173 477 506 121 29 203 457 396 189 105 315 81 94 472 281 498 113 162 127 311 413 223 32 383 77 516 114 123 422 470 308 407 143 369 417 193 307 197 301 103 220 370 178 476 383 506 522 304 254 354 182 477 381 142 458 402 468 208 373 175 415 52 60 388 339 164 373 128 160 333 69 254 460 238 419 90 280 242 48 478 457 259 61 103 428 175 185 242 298 215 249 464 301 51 393 336 28 85 108 373 353 403 243 487 279 315 253 435 124 208 120 357 233
251 348 356 125 267 198 390 398 132 0 224 311 127 242 251 133 205 138 336 161 100 310 197 331 84 389 73 288 440 241 229 173 191 180 164 365 154 308 47 356 375 14 104 257 342 301 56 31 194 167 109 390 249 366 152 47 132 208 282 150 159 251 96 386 68 128 319 372 182 331 32 252 347 280 185 95 183 184 228 303 50 354 262 378 446 253 240 268 136 369 259 202 326 341 337 95 284 252 286 128 73 316 217 185 268 8 46 222 134 153 374 133 338 120 167 110 85 382 365 270 98 77 332 44 121 111 207 83 240 335 201 123 261 218 132 161 116 305 251 270 112 387 269 228 139 346 58 178 43 238 315
338 344 208 316 154 269 432 268 248 224 0 351 350 228 213 334 92 362 221 376 165 335 419 360 173 268 283 75 285 27 332 55 234 301 128 218 354 190 204 344 427 232 244 137 305 209 233 208 224 189 155 252 35 428 138 189 120 172 342 98 244 348 283 427 282 125 246 275 355 185 256 246 187 202 225 314 210 178 56 142 209 346 269 403 291 72 21 159 359 303 268 145 404 164 390 175 180 176 334 196 236 165 243 94 213 231 188 204 305 366 245 157 203 157 185 276 221 279 253 71 273 284 234 247 345 281 139 262 28 370 162 197 374 226 221 178 317 147 192 356 284 294 46 138 342 228 168 46 262 247 481
80 67 267 427 489 113 83 255 440 311 351 0 377 123 144 426 413 349 219 312 376 22 430 21 248 239 280 349 312 339 106 346 130 146 408 268 262 222 267 79 76 325 414 473 111 189 257 335 134 447 376 265 340 78 405 278 371 178 36 268 463 91 404 79 364 370 161 200 211 260 315 105 282 526 139 305 150 454 400 277 262 74 81 66 318 303 371 219 383 156 82 447 71 307 40 236 208 496 26 418 384 265 111 399 153 318 280 147 443 300 246 218 245 390 176 217 391 211 219 422 409 377 195 277 358 221 211 241 379 23 188 414 114 124 432 436 412 274 168 71 222 198 386 217 268 223 321 333 342 103 612
301 428 476 89 367 273 444 513 176 127 350 377 0 341 357 72 317 42 451 94 203 383 70 398 203 503 101 416 559 368 275 297 282 230 269 485 130 426 163 438 425 118 151 360 435 414 147 143 289 248 214 507 376 411 255 171 246 321 342 277 208 295 98 439 72 241 425 481 183 453 97 347 470 366 279 71 282 269 348 427 162 435 350 441 566 380 365 387 9 468 347 300 367 466 391 211 401 343 351 207 134 439 308 298 375 120 170 327 121 98 490 250 457 221 274 161 155 492 478 390 115 76 444 123 19 156 326 143 364 399 315 202 291 315 195 246 72 429 362 317 155 493 394 348 117 461 181 304 88 330 240
136 121 172 366 372 88 203 185 356 242 228 123 341 0 26 372 297 325 129 305 280 106 406 131 161 172 239 226 239 216 144 230 61 146 299 176 260 118 194 125 199 256 333 355 101 90 197 256 52 346 278 186 216 201 299 198 265 57 122 154 373 150 338 198 306 265 86 143 225 157 256 17 180 412 62 273 59 349 279 162 191 125 41 175 246 180 249 102 349 128 40 336 184 197 163 149 97 383 110 324 306 156 40 285 45 249 200 26 375 292 167 117 148 290 76 185 308 154 146 299 338 317 113 221 326 192 89 198 257 142 67 321 181 26 342 334 356 160 49 147 194 153 263 94 258 138 232 216 281 25 557
162 132 145 377 360 113 221 162 359 251 213 144 357 26 0 383 286 343 104 326 280 125 423 150 168 150 256 204 215 198 171 220 83 171 293 150 282 92 204 133 219 266 338 343 100 65 211 263 72 343 277 162 198 223 294 206 261 49 147 148 374 177 346 216 318 262 68 124 250 130 269 40 153 402 82 290 75 345 266 136 202 134 63 191 222 159 232 76 365 118 63 328 208 170 185 157 70 373 134 324 313 129 65 276 19 259 207 29 383 313 142 121 122 288 84 205 313 135 124 282 346 328 90 234 342 211 75 215 240 161 60 321 208 48 344 331 367 134 24 173 213 136 244 74 279 113 235 205 292 51 567
355 471 488 23 322 316 498 531 119 133 334 426 72 372 383 0 284 114 469 166 172 429 105 446 218 522 146 406 572 356 329 279 317 282 233 497 197 441 179 480 480 119 101 318 471 434 175 132 322 198 183 523 364 468 218 180 218 342 393 278 148 350 51 493 65 213 451 505 247 463 115 381 477 313 312 128 312 220 320 432 181 477 387 492 579 376 346 401 74 500 385 257 425 469 445 228 417 294 399 161 98 447 344 266 401 125 179 354 53 169 507 267 470 187 299 208 116 515 498 362 64 56 466 152 88 205 340 184 343 449 334 157 351 347 143 199 17 435 384 372 204 520 374 360 182 479 171 289 90 365 186
385 418 301 263 76 315 496 360 179 205 92 413 317 297 286 284 0 339 311 366 114 401 381 425 190 360 275 162 377 119 373 67 286 333 52 311 355 279 205 419 488 207 184 60 384 295 235 179 279 106 103 344 126 487 66 188 72 240 398 144 166 392 233 492 245 77 330 363 370 277 236 314 279 116 277 300 264 90 44 234 211 421 335 471 383 163 87 245 326 388 334 53 457 255 450 197 266 87 393 126 187 257 301 20 291 209 186 271 244 358 337 198 295 97 237 289 168 369 343 80 219 243 322 240 318 293 211 268 80 435 229 129 414 288 150 97 268 239 269 404 295 383 107 217 341 319 148 81 232 311 407
271 403 471 130 394 251 412 503 212 138 362 349 42 325 343 114 339 0 442 53 227 356 82 370 203 492 89 423 551 378 244 312 264 203 294 479 92 419 164 414 392 133 185 386 415 403 141 161 273 279 238 499 385 378 280 175 267 312 313 281 244 263 135 407 100 262 411 467 147 448 106 329 466 397 262 53 268 300 366 426 161 410 329 411 558 384 379 382 42 451 327 328 334 466 360 209 393 373 323 237 163 435 290 320 363 132 175 314 161 58 481 246 450 246 264 140 185 478 467 408 151 108 433 120 26 134 321 128 379 370 308 232 257 299 228 276 113 427 351 286 132 479 407 343 82 452 196 316 108 312 276
259 174 48 459 375 217 276 62 425 336 221 219 451 129 104 469 311 442 0 428 340 196 520 215 251 53 353 176 110 196 272 251 188 275 334 49 386 31 291 168 282 350 409 358 120 39 304 341 176 391 334 57 192 292 339 288 309 130 234 201 434 274 427 273 405 311 58 54 354 49 358 136 67 423 186 388 176 387 277 86 291 172 153 241 117 150 234 71 460 95 154 361 289 98 256 242 52 397 219 382 388 64 170 307 85 344 290 131 461 415 39 203 28 343 178 306 383 58 32 278 424 413 24 327 438 313 130 314 243 227 136 381 305 153 405 379 452 81 91 267 315 74 234 110 382 10 306 235 379 152 647
232 370 462 181 427 224 369 488 256 161 376 312 94 305 326 166 366 53 428 0 258 322 123 333 207 476 93 432 539 389 206 330 244 170 324 469 49 408 172 382 349 160 228 417 388 389 144 189 254 317 268 486 395 333 312 187 293 301 275 287 288 223 181 365 142 289 392 448 102 440 130 307 460 434 243 66 252 337 388 423 168 378 303 372 546 389 395 373 95 427 301 361 289 463 319 210 383 409 287 275 203 429 267 346 346 157 188 297 211 13 468 244 440 279 252 122 223 460 451 429 196 153 417 129 77 115 315 120 396 332 298 270 212 279 270 313 163 424 337 245 113 458 423 337 47 438 218 332 142 288 327
328 399 346 152 168 265 459 398 86 100 165 376 203 280 280 172 114 227 340 258 0 369 266 392 127 393 173 240 429 190 310 110 246 264 66 356 255 309 120 404 446 98 78 159 379 312 146 70 244 73 11 386 198 440 53 104 46 231 352 138 94 331 120 454 131 41 340 386 280 321 128 294 331 179 238 192 229 86 148 284 126 403 310 440 436 218 175 268 211 396 308 102 404 315 407 139 288 152 352 44 73 302 268 95 292 102 101 255 139 252 374 162 333 20 205 203 56 394 372 190 108 128 343 142 204 205 214 178 171 399 220 41 347 262 65 63 155 287 271 348 207 403 202 230 239 349 56 123 119 284 317
93 49 245 428 477 112 96 233 437 310 335 22 383 106 125 429 401 356 196 322 369 0 439 25 242 216 284 330 289 323 118 334 123 153 398 246 273 200 265 61 93 324 411 460 89 167 257 332 125 439 369 242 323 98 396 274 362 163 51 256 458 107 404 91 366 361 138 178 223 238 316 89 260 515 131 311 141 445 386 256 260 56 65 71 295 285 356 199 389 134 66 437 93 285 61 231 187 485 36 412 382 244 101 388 133 317 277 131 443 310 223 209 223 382 166 221 388 188 196 406 408 379 173 278 365 226 196 244 363 35 173 409 132 112 428 428 414 253 149 88 227 176 370 199 277 201 316 320 343 90 615
352 486 546 128 424 333 491 581 223 197 419 430 70 406 423 105 381 82 520 123 266 439 0 452 274 571 167 486 628 438 325 365 346 285 331 554 170 495 233 496 471 187 204 419 497 482 215 210 354 301 278 576 445 456 317 241 311 389 395 347 253 344 150 487 137 306 491 547 225 522 167 411 540 417 343 133 348 324 413 498 232 493 411 492 635 450 433 457 61 533 409 358 412 536 440 281 470 398 405 263 193 509 371 362 442 190 241 393 157 133 559 320 526 283 342 222 214 558 545 456 166 137 512 193 81 216 395 208 432 451 384 259 335 380 247 302 116 499 430 367 215 559 462 417 162 530 250 373 156 393 211
101 51 264 447 502 132 71 247 459 331 360 21 398 131 150 446 425 370 215 333 392 25 452 0 265 231 301 354 303 347 127 359 146 167 423 264 284 222 286 63 69 344 433 485 101 188 276 353 149 463 393 258 348 76 420 296 386 188 57 281 481 112 423 66 385 386 157 192 232 259 335 113 281 540 155 326 165 469 411 279 281 57 90 47 309 309 381 222 404 145 91 461 81 306 42 254 210 510 47 435 403 265 125 413 157 337 298 156 463 321 240 233 243 406 191 238 410 201 212 431 428 397 191 297 380 242 221 261 388 12 198 432 133 137 450 452 433 276 173 91 243 188 394 224 289 219 339 345 362 114 633
202 275 273 209 264 137 331 313 196 84 173 248 203 161 168 218 190 203 251 207 127 242 274 265 0 305 116 224 356 183 186 135 119 144 169 282 180 224 40 281 319 98 172 250 262 216 63 95 119 199 129 306 189 313 163 37 130 124 224 80 215 207 178 326 153 128 235 287 183 249 108 174 266 291 111 150 105 209 197 224 42 280 187 313 363 182 193 184 212 286 184 210 277 263 279 11 200 262 224 170 145 235 143 172 184 92 39 139 215 196 290 49 254 143 85 103 148 297 280 234 178 161 248 82 193 108 123 89 196 272 116 166 226 140 185 189 200 225 167 222 110 303 220 144 169 262 73 132 127 161 398
292 183 65 513 421 259 283 16 479 389 268 239 503 172 150 522 360 492 53 476 393 216 571 231 305 0 404 215 72 242 307 303 232 317 385 57 432 84 344 174 292 403 463 404 129 89 356 395 222 443 387 31 237 305 391 342 361 182 261 255 487 307 481 281 458 364 87 39 397 84 411 174 90 470 232 439 224 438 324 127 343 179 187 247 78 196 280 125 511 89 189 411 310 123 273 295 106 445 245 435 442 104 212 357 130 397 343 178 515 463 24 255 64 396 229 355 437 30 25 321 478 466 59 379 489 361 183 363 289 243 188 434 337 197 458 431 505 122 141 296 363 49 276 164 429 43 360 286 432 192 700
208 328 381 150 340 173 352 415 193 73 283 280 101 239 256 146 275 89 353 93 173 284 167 301 116 404 0 339 462 296 183 237 180 135 237 389 81 330 79 338 334 77 163 329 334 315 52 104 188 239 182 410 303 323 225 93 204 223 247 195 223 205 133 347 89 199 324 380 115 358 49 245 377 353 177 35 181 257 295 337 75 335 248 346 469 298 301 292 109 367 246 276 280 377 299 120 304 326 254 198 133 346 206 255 275 72 94 226 171 83 392 157 361 194 175 62 151 391 378 336 143 103 345 36 86 59 232 42 303 303 218 193 208 213 199 233 134 338 263 226 58 392 329 254 66 363 127 238 74 228 331
354 328 151 389 210 288 424 211 323 288 75 349 416 226 204 406 162 423 176 432 240 330 486 354 224 215 339 0 219 49 353 129 251 331 203 160 403 150 260 325 423 298 318 194 281 178 287 276 239 263 230 193 41 427 214 248 195 177 348 144 319 366 355 420 351 200 216 230 395 132 320 243 126 260 243 373 228 251 120 90 264 328 267 392 224 48 75 133 425 268 267 215 410 97 389 222 150 238 337 271 308 113 252 167 198 296 248 206 379 420 191 194 153 233 208 321 295 233 205 106 346 354 195 304 409 327 145 313 82 365 171 272 395 233 297 252 388 95 180 368 330 250 62 133 393 181 236 117 329 249 556
364 255 84 560 429 327 352 56 516 440 285 312 559 239 215 572 377 551 110 539 429 289 628 303 356 72 462 219 0 257 378 329 298 385 411 74 497 132 396 245 363 453 503 413 202 150 412 441 287 471 422 53 251 377 418 392 393 239 334 296 520 379 527 351 508 396 158 111 465 109 464 244 99 480 297 497 287 463 337 146 397 250 258 317 7 216 292 171 567 159 260 430 383 122 345 347 158 457 317 469 485 127 279 379 195 448 393 242 559 526 72 308 101 429 288 417 478 101 95 324 522 516 126 435 546 424 233 423 300 315 243 468 409 264 493 459 554 142 201 368 426 117 281 212 493 101 404 312 483 261 744
333 328 182 339 178 264 419 241 273 241 27 339 368 216 198 356 119 378 196 389 190 323 438 347 183 242 296 49 257 0 329 79 229 301 156 191 363 166 216 327 415 250 268 161 286 188 245 228 218 216 180 225 8 417 165 203 146 161 334 103 271 344 306 414 302 150 226 251 360 159 273 234 160 227 220 328 205 206 81 116 221 330 257 389 263 46 37 138 377 281 257 172 395 136 379 182 158 202 324 222 259 138 234 121 196 248 202 192 329 378 219 159 178 183 182 283 245 255 228 85 296 305 211 260 363 289 128 272 46 358 152 223 371 217 247 205 339 120 176 350 291 270 47 123 352 204 187 67 281 236 507
26 167 316 333 449 65 169 323 361 229 332 106 275 144 171 329 373 244 272 206 310 118 325 127 186 307 183 353 378 329 0 311 102 48 355 320 156 263 191 179 151 241 333 434 195 234 172 257 114 383 314 327 332 139 349 206 317 177 69 236 387 22 314 164 272 315 221 273 105 301 224 135 324 478 109 204 125 394 371 303 186 174 120 166 385 304 354 243 280 239 118 396 97 340 116 177 241 448 82 349 302 299 107 356 189 233 208 154 353 194 307 177 293 327 147 122 313 284 284 402 321 285 253 188 256 125 208 149 360 125 182 345 42 125 359 373 317 302 192 43 125 277 375 223 163 279 253 302 252 119 513
321 351 248 261 143 251 429 305 194 173 55 346 297 230 220 279 67 312 251 330 110 334 365 359 135 303 237 129 329 79 311 0 221 274 82 258 312 220 159 353 422 180 189 126 318 232 190 154 213 142 100 290 87 421 89 143 66 173 332 78 193 329 228 425 228 71 266 303 319 223 206 247 229 182 211 266 198 135 61 182 165 354 268 404 335 113 67 183 306 324 267 110 392 210 384 140 204 153 327 143 180 203 235 57 225 179 142 204 249 320 281 134 239 104 171 238 166 309 284 99 217 229 260 200 294 243 144 221 67 368 162 143 353 221 168 130 262 186 203 340 245 322 96 152 298 260 116 16 209 244 427
104 157 226 314 363 36 214 246 315 191 234 130 282 61 83 317 286 264 188 244 246 123 346 146 119 232 180 251 298 229 102 221 0 89 278 232 199 172 144 164 203 206 290 347 153 148 142 211 12 316 246 245 231 200 275 152 241 76 111 143 335 115 287 209 253 240 148 204 167 208 202 65 230 397 9 213 23 324 278 204 141 162 70 194 305 202 256 145 290 186 68 317 171 243 164 107 148 367 107 289 261 203 26 271 103 199 154 57 326 231 226 89 203 259 49 124 266 215 207 305 290 264 173 165 266 130 106 138 262 153 80 286 143 35 304 305 302 203 99 121 132 214 275 121 197 197 193 210 228 48 504
73 201 315 285 408 58 216 331 313 180 301 146 230 146 171 282 333 203 275 170 264 153 285 167 144 317 135 331 385 301 48 274 89 0 312 321 121 261 144 212 198 192 284 394 219 236 124 208 101 337 268 332 306 188 305 159 274 163 111 203 339 71 265 211 223 272 230 286 80 298 175 143 320 435 93 159 107 349 336 293 138 208 135 210 392 283 323 234 236 259 133 354 146 331 162 136 237 406 120 302 253 292 105 316 190 184 162 147 304 157 313 143 292 282 123 74 265 297 292 369 272 237 259 139 212 77 189 100 328 168 165 297 82 122 311 327 269 292 188 91 77 293 346 207 124 284 207 267 203 125 467
370 421 331 211 103 303 492 387 127 164 128 408 269 299 293 233 52 294 334 324 66 398 331 423 169 385 237 203 411 156 355 82 278 312 0 341 318 302 174 424 482 164 132 92 394 313 203 135 273 60 56 373 164 478 14 157 38 245 389 145 117 376 182 487 197 40 345 384 339 306 194 316 312 122 269 258 258 53 93 265 180 425 335 470 417 195 130 264 277 403 333 41 445 291 443 178 286 93 386 74 137 286 297 37 301 167 154 273 192 317 364 189 322 47 232 259 117 391 367 132 168 194 342 204 271 262 220 236 124 431 234 77 395 287 98 49 217 269 280 390 264 403 154 231 303 343 111 99 186 309 357
309 222 9 485 368 264 323 51 442 365 218 268 485 176 150 497 311 479 49 469 356 246 554 264 282 57 389 160 74 191 320 258 232 321 341 0 428 60 322 214 330 378 429 351 167 86 339 366 220 400 349 33 185 340 348 317 320 167 284 221 447 324 452 321 433 324 107 85 399 35 390 184 33 418 229 425 218 393 273 76 323 219 203 288 81 147 228 97 494 135 204 363 339 65 306 273 86 394 269 396 410 54 216 310 131 373 319 174 484 456 34 234 28 356 216 347 404 82 58 266 448 441 72 361 473 353 159 351 236 276 171 395 354 199 420 388 479 72 133 316 356 102 221 137 423 45 329 241 408 200 669
183 321 421 208 421 176 321 445 269 154 354 262 130 260 282 197 355 92 386 49 255 273 170 284 180 432 81 403 497 363 156 312 199 121 318 428 0 367 152 333 301 158 240 410 340 346 121 185 210 320 264 444 369 286 307 168 284 261 226 260 301 174 200 317 157 280 347 403 55 400 129 260 421 434 199 73 209 339 372 387 146 328 255 323 504 359 373 334 133 379 253 357 242 426 270 181 342 407 238 279 211 391 221 335 302 153 170 254 235 37 425 210 399 275 213 83 230 414 406 411 214 170 373 114 111 76 278 91 376 282 259 274 165 234 278 315 190 387 295 197 74 412 401 300 16 395 208 311 149 242 369
253 186 54 431 345 204 287 90 395 308 190 222 426 118 92 441 279 419 31 408 309 200 495 222 224 84 330 150 132 166 263 220 172 261 302 60 367 0 264 181 290 322 379 327 134 33 279 312 160 360 303 81 163 298 307 261 277 107 233 171 402 268 398 283 377 280 69 84 339 38 332 129 61 392 169 365 158 355 247 62 265 185 149 252 139 120 204 41 435 117 150 329 291 84 261 215 25 366 218 351 358 44 157 276 74 317 262 114 432 395 66 176 31 312 155 286 353 89 64 250 395 385 44 302 414 293 101 291 213 234 111 350 299 139 374 347 424 57 73 263 295 104 206 81 362 40 277 203 352 143 617
211 301 314 172 275 154 348 353 173 47 204 267 163 194 204 179 205 164 291 172 120 265 233 286 40 344 79 260 396 216 191 159 144 144 174 322 152 264 0 309 334 62 146 262 294 255 30 67 147 192 125 346 223 326 165 17 137 162 240 117 197 213 143 343 114 134 272 325 165 289 67 204 306 295 138 112 135 206 219 264 6 307 214 333 403 220 222 225 172 321 212 215 287 303 295 49 240 267 242 157 116 275 170 185 221 55 19 174 182 162 330 88 295 138 119 85 124 336 319 259 145 124 286 43 153 88 163 63 224 291 155 153 227 170 167 183 162 266 205 231 90 340 250 185 139 301 64 160 89 190 363
155 12 215 478 493 164 109 190 477 356 344 79 438 125 133 480 419 414 168 382 404 61 496 63 281 174 338 325 245 327 179 353 164 212 424 214 333 181 309 0 118 370 453 476 47 149 305 375 162 471 402 203 326 132 424 316 390 180 113 279 496 168 451 107 416 390 112 135 284 215 365 109 235 535 171 367 176 474 398 242 305 6 94 74 250 285 363 193 445 85 96 460 144 264 103 269 175 506 98 448 425 225 138 409 131 363 318 151 490 369 186 241 196 415 198 276 429 143 158 413 454 428 144 327 420 281 208 296 372 73 191 445 193 141 465 459 465 238 152 150 283 128 373 205 336 169 354 338 392 119 666
125 109 330 484 565 181 22 309 506 375 427 76 425 199 219 480 488 392 282 349 446 93 471 69 319 292 334 423 363 415 151 422 203 198 482 330 301 290 334 118 0 388 479 549 164 257 319 401 209 518 448 321 416 18 478 346 444 254 94 344 531 130 463 19 422 444 224 253 246 327 374 181 348 601 213 355 225 527 476 348 328 113 157 48 368 378 448 292 430 203 158 521 59 375 39 307 279 571 96 488 448 334 187 474 226 381 348 223 503 338 304 292 310 461 251 273 458 262 276 498 470 435 258 337 406 275 288 299 455 57 264 484 136 201 501 508 468 345 242 107 276 246 462 292 310 285 391 410 402 180 664
263 362 369 110 266 212 403 412 121 14 232 325 118 256 266 119 207 133 350 160 98 324 187 344 98 403 77 298 453 250 241 180 206 192 164 378 158 322 62 370 388 0 92 257 357 315 68 28 209 162 108 404 258 379 152 61 134 223 295 162 149 263 81 399 55 130 333 386 190 344 29 267 360 276 199 94 197 180 233 315 65 368 276 391 460 264 247 282 127 383 274 201 338 353 350 109 298 250 299 121 61 329 232 187 282 7 59 236 120 153 388 147 351 119 181 121 75 396 379 275 84 63 346 53 114 121 220 93 247 349 215 116 272 233 123 156 102 318 265 283 121 401 276 241 142 360 63 186 31 252 301
355 447 420 79 220 300 494 469 29 104 244 414 151 333 338 101 184 185 409 228 78 411 204 433 172 463 163 318 503 268 333 189 290 284 132 429 240 379 146 453 479 92 0 216 435 379 160 79 291 97 89 458 276 470 118 137 124 291 386 208 61 355 53 489 86 119 403 452 278 394 114 346 405 215 283 168 278 120 223 359 151 452 359 480 510 296 252 338 158 456 357 155 430 392 441 184 357 194 388 59 31 376 315 167 353 99 135 311 61 225 445 217 405 88 257 213 25 461 441 264 37 76 410 145 159 213 280 186 249 438 282 56 364 312 44 98 88 362 333 374 213 469 279 298 223 419 103 201 90 334 240
446 475 342 295 17 376 556 402 203 257 137 473 360 355 343 318 60 386 358 417 159 460 419 485 250 404 329 194 413 161 434 126 347 394 92 351 410 327 262 476 549 257 216 0 439 346 292 228 339 122 149 385 166 547 105 245 126 298 458 204 182 453 269 551 289 129 383 412 428 320 287 373 319 66 337 351 324 100 80 277 269 478 394 530 418 208 124 295 368 440 393 61 517 291 510 257 317 47 453 156 226 300 361 78 346 260 243 329 272 410 380 259 339 139 298 347 205 416 389 90 253 284 371 295 363 351 268 325 115 494 287 160 475 348 175 118 304 281 325 465 353 431 132 272 395 365 202 139 278 370 417
175 55 168 466 457 164 156 146 457 342 305 111 435 101 100 471 384 415 120 388 379 89 497 101 262 129 334 281 202 286 195 318 153 219 394 167 340 134 294 47 164 357 435 439 0 103 295 357 148 443 377 157 285 175 395 299 361 149 138 248 473 189 438 153 406 362 65 90 296 168 355 90 188 500 158 365 159 445 360 196 292 52 86 121 207 243 323 149 443 45 88 428 181 217 143 251 131 472 121 423 408 178 127 375 93 350 301 124 476 375 139 218 149 388 177 275 410 100 112 372 439 417 96 319 419 280 173 292 332 113 160 421 218 124 442 431 455 192 115 174 282 87 331 167 341 122 333 303 381 105 657
223 154 82 425 363 178 254 99 396 301 209 189 414 90 65 434 295 403 39 389 312 167 482 188 216 89 315 178 150 188 234 232 148 236 313 86 346 33 255 149 257 315 379 346 103 0 267 308 136 368 307 97 185 265 316 254 285 93 201 173 407 238 394 250 369 287 38 73 315 71 322 98 94 410 146 350 137 366 266 93 255 153 118 220 157 142 225 50 422 93 118 343 258 118 228 206 29 382 186 355 356 77 130 289 45 309 255 91 429 376 78 167 59 317 140 267 353 82 64 272 391 378 31 290 400 274 98 275 234 200 100 354 269 114 377 355 417 89 52 231 276 91 230 82 342 49 275 216 344 114 614
194 297 330 172 305 144 334 366 189 56 233 257 147 197 211 175 235 141 304 144 146 257 215 276 63 356 52 287 412 245 172 190 142 124 203 339 121 279 30 305 319 68 160 292 295 267 0 84 147 217 152 360 251 310 193 47 166 174 227 143 215 194 147 330 110 163 279 334 136 307 60 205 325 324 137 88 138 232 250 285 25 303 212 323 419 246 252 241 155 325 210 243 270 324 281 67 254 295 231 180 129 294 168 216 229 61 49 181 186 133 343 105 310 165 127 57 141 345 331 290 152 122 297 23 134 59 180 33 254 280 168 175 205 172 187 209 160 286 215 214 61 348 280 202 108 314 92 190 86 189 361
278 368 357 119 238 221 415 402 105 31 208 335 143 256 263 132 179 161 341 189 70 332 210 353 95 395 104 276 441 228 257 154 211 208 135 366 185 312 67 375 401 28 79 228 357 308 84 0 212 136 79 393 235 392 123 58 106 217 307 146 130 279 86 410 74 101 329 380 214 332 58 268 346 249 203 123 199 153 206 300 72 373 280 401 448 244 222 271 151 381 278 172 353 337 362 106 288 222 309 96 50 315 236 159 278 32 56 235 120 182 378 142 340 90 180 141 57 390 371 248 83 77 339 75 140 142 211 114 221 359 209 91 290 234 102 129 114 303 260 297 143 396 251 230 170 351 40 162 54 255 305
115 156 214 318 356 49 218 235 315 194 224 134 289 52 72 322 279 273 176 254 244 125 354 149 119 222 188 239 287 218 114 213 12 101 273 220 210 160 147 162 209 209 291 339 148 136 147 212 0 313 243 234 220 207 270 153 236 63 119 135 334 126 290 213 257 236 138 194 179 196 207 58 218 391 10 221 15 320 269 192 144 161 68 197 294 191 246 133 297 179 65 312 179 230 171 107 135 361 113 287 262 190 24 265 92 202 155 45 329 241 215 84 191 257 41 133 266 206 196 295 292 268 163 170 274 140 94 146 252 157 68 284 155 25 304 302 306 191 86 131 142 205 265 109 207 185 192 201 232 43 508
401 466 390 175 124 337 530 446 81 167 189 447 248 346 343 198 106 279 391 317 73 439 301 463 199 443 239 263 471 216 383 142 316 337 60 400 320 360 192 471 518 162 97 122 443 368 217 136 313 0 70 432 224 513 52 177 83 294 424 196 61 404 151 525 179 81 399 440 350 365 191 361 371 118 308 253 298 22 150 324 198 470 379 511 477 255 190 320 255 456 377 62 477 351 479 210 342 96 423 41 115 345 338 96 353 167 174 320 150 312 422 230 380 57 273 275 94 448 424 185 135 171 398 211 254 276 272 249 183 470 283 46 420 330 54 12 185 328 331 421 278 459 212 285 304 400 129 158 175 353 302
331 397 339 164 158 267 460 391 94 109 155 376 214 278 277 183 103 238 334 268 11 369 278 393 129 387 182 230 422 180 314 100 246 268 56 349 264 303 125 402 448 108 89 149 377 307 152 79 243 70 0 379 188 442 43 109 35 228 354 133 99 335 132 455 142 30 336 380 288 313 138 293 323 172 238 202 229 81 136 276 131 402 309 441 428 209 163 262 223 392 308 93 406 307 409 140 283 144 353 48 85 294 268 84 288 111 106 253 149 261 367 161 326 13 204 209 68 388 366 178 120 140 338 150 215 212 209 185 160 400 217 46 351 261 71 59 167 279 267 351 213 398 191 225 248 343 61 113 130 284 327
313 212 43 512 402 274 312 19 472 390 252 265 507 186 162 523 344 499 57 486 386 242 576 258 306 31 410 193 53 225 327 290 245 332 373 33 444 81 346 203 321 404 458 385 157 97 360 393 234 432 379 0 219 333 379 342 352 187 284 250 478 328 479 310 459 355 107 68 412 66 414 191 66 451 244 445 234 426 306 109 346 208 207 277 60 180 261 122 516 119 208 396 336 98 300 297 106 427 268 427 438 87 226 343 142 398 344 189 512 473 19 257 53 387 235 364 433 61 45 300 475 467 73 384 495 371 183 371 270 270 192 426 359 211 450 420 505 105 149 318 373 80 255 162 440 48 357 273 433 208 697
336 327 176 347 183 267 419 236 281 249 35 340 376 216 198 364 126 385 192 395 198 323 445 348 189 237 303 41 251 8 332 87 231 306 164 185 369 163 223 326 416 258 276 166 285 185 251 235 220 224 188 219 0 418 173 210 154 162 335 109 279 347 314 414 310 158 223 246 365 153 280 234 153 232 223 335 207 213 87 110 227 329 258 389 256 42 42 135 385 278 257 179 397 129 380 188 155 208 325 230 267 133 236 129 195 256 209 193 337 384 214 164 172 191 185 289 253 250 223 87 304 312 207 267 370 295 129 278 51 358 154 231 374 219 255 213 347 115 175 352 297 266 46 123 358 199 195 75 288 237 515
115 121 340 472 563 175 40 321 498 366 428 78 411 201 223 468 487 378 292 333 440 98 456 76 313 305 323 427 377 417 139 421 200 188 478 340 286 298 326 132 18 379 470 547 175 265 310 392 207 513 442 333 418 0 474 338 440 256 89 342 523 117 453 38 411 439 234 266 231 336 364 184 357 598 210 342 222 522 476 355 320 126 160 65 382 382 449 297 416 217 161 518 43 383 38 302 286 568 94 481 439 342 186 472 232 371 341 225 492 323 315 289 319 456 249 262 450 275 288 499 460 424 268 327 392 264 289 288 456 64 265 477 121 201 493 502 457 352 247 96 264 260 465 296 295 295 384 409 391 181 651
365 420 338 197 114 298 489 394 113 152 138 405 255 299 294 218 66 280 339 312 53 396 317 420 163 391 225 214 418 165 349 89 275 305 14 348 307 307 165 424 478 152 118 105 395 316 193 123 270 52 43 379 173 474 0 148 34 245 385 146 105 370 168 484 183 34 348 389 329 313 181 315 319 130 266 246 255 50 106 272 171 424 334 467 424 202 141 268 264 405 332 50 440 299 439 172 290 101 382 61 123 293 294 50 303 155 146 273 178 305 370 186 328 34 229 250 103 396 372 146 153 180 346 193 258 253 222 226 136 428 234 63 388 285 85 40 203 276 281 385 255 407 166 234 292 348 101 106 172 308 345
225 309 309 171 258 165 359 350 162 47 189 278 171 198 206 180 188 175 288 187 104 274 241 296 37 342 93 248 392 203 206 143 152 159 157 317 168 261 17 316 346 61 137 245 299 254 47 58 153 177 109 342 210 338 148 0 120 162 251 106 185 227 141 354 116 117 273 325 182 284 73 209 300 279 145 125 140 190 203 257 23 314 221 344 399 210 207 221 180 323 219 198 300 295 307 48 237 250 253 143 109 269 177 168 222 55 2 177 177 177 327 86 290 122 122 102 114 335 318 243 140 124 285 57 162 105 159 80 209 301 154 139 242 175 155 168 163 259 204 245 107 340 235 180 155 299 48 144 90 196 361
332 386 310 199 138 265 455 365 127 132 120 371 246 265 261 218 72 267 309 293 46 362 311 386 130 361 204 195 393 146 317 66 241 274 38 320 284 277 137 390 444 134 124 126 361 285 166 106 236 83 35 352 154 440 34 120 0 211 351 113 127 337 167 450 174 5 316 358 302 285 163 281 293 161 232 227 221 84 102 246 143 390 299 433 399 178 128 238 255 372 298 79 406 276 405 139 259 131 348 76 119 266 260 52 270 136 117 239 185 285 341 152 299 37 195 222 103 365 341 144 155 173 315 169 246 225 189 200 125 394 201 77 356 251 101 70 202 250 248 352 227 376 156 202 269 318 76 81 159 273 360
176 177 160 333 315 112 259 192 311 208 172 178 321 57 49 342 240 312 130 301 231 163 389 188 124 182 223 177 239 161 177 173 76 163 245 167 261 107 162 180 254 223 291 298 149 93 174 217 63 294 228 187 162 256 245 162 211 0 172 99 325 188 302 255 276 212 111 163 237 139 229 74 160 355 69 258 55 296 222 129 161 180 97 232 246 129 193 73 329 165 96 280 234 168 218 113 81 326 163 275 267 131 74 229 61 217 163 31 338 288 169 75 138 239 48 179 266 173 157 243 301 286 124 197 308 186 33 184 200 198 10 273 218 56 295 282 325 129 42 191 188 178 208 45 255 140 188 159 251 75 523
43 101 282 395 475 87 108 277 413 282 342 36 342 122 147 393 398 313 234 275 352 51 395 57 224 261 247 348 334 334 69 332 111 111 389 284 226 233 240 113 94 295 386 458 138 201 227 307 119 424 354 284 335 89 385 251 351 172 0 254 437 55 373 103 333 350 178 223 175 272 283 107 295 509 121 271 134 433 389 284 235 108 84 99 340 301 364 224 348 183 84 429 61 316 55 213 216 479 16 394 355 274 99 383 160 288 254 142 412 263 265 200 259 367 160 184 364 234 239 413 379 345 212 246 323 188 206 209 371 56 181 390 80 116 407 413 380 281 171 37 188 224 381 215 232 240 297 321 311 99 578
244 276 212 265 221 174 352 261 223 150 98 268 277 154 148 278 144 281 201 287 138 256 347 281 80 255 195 144 296 103 236 78 143 203 145 221 260 171 117 279 344 162 208 204 248 173 143 146 135 196 133 250 109 342 146 106 113 99 254 0 233 253 232 347 217 115 203 247 257 186 180 171 199 258 133 229 120 197 135 154 120 279 191 327 302 103 120 130 286 259 190 181 314 191 305 78 150 229 248 181 189 169 156 131 156 158 106 128 262 276 236 59 197 143 93 179 182 255 233 166 226 223 204 160 268 185 76 169 125 290 88 180 278 144 203 184 260 156 135 263 188 265 144 91 249 211 108 67 193 166 448
408 490 438 125 181 350 544 491 32 159 244 463 208 373 374 148 166 244 434 288 94 458 253 481 215 487 223 319 520 271 387 193 335 339 117 447 301 402 197 496 531 149 61 182 473 407 215 130 334 61 99 478 279 523 105 185 127 325 437 233 0 409 109 539 146 123 435 480 338 412 174 387 421 165 327 229 320 81 209 373 202 495 402 528 526 305 247 362 213 490 400 123 484 403 492 227 382 149 438 51 90 393 359 154 386 156 182 349 96 286 467 255 426 91 297 270 74 488 466 246 93 136 438 203 217 270 309 243 242 486 315 53 421 354 30 69 139 377 366 428 271 498 271 324 284 443 142 208 151 376 241
15 156 320 355 468 79 148 323 383 251 348 91 295 150 177 350 392 263 274 223 331 107 344 112 207 307 205 366 379 344 22 329 115 71 376 324 174 268 213 168 130 263 355 453 189 238 194 279 126 404 335 328 347 117 370 227 337 188 55 253 409 0 335 144 294 336 221 271 120 307 246 139 330 498 123 225 139 416 389 312 207 163 121 149 385 317 370 251 300 234 119 417 75 347 96 198 247 468 70 370 324 306 115 376 193 255 230 163 375 211 308 195 297 348 162 144 335 282 284 418 343 307 254 210 276 146 220 171 376 109 195 366 31 135 380 395 339 310 199 22 146 273 390 234 181 281 275 320 274 125 534
338 443 443 33 273 291 480 489 77 96 283 404 98 338 346 51 233 135 427 181 120 404 150 423 178 481 133 355 527 306 314 228 287 265 182 452 200 398 143 451 463 81 53 269 438 394 147 86 290 151 132 479 314 453 168 141 167 302 373 232 109 335 0 475 44 162 414 466 245 418 89 348 432 268 281 127 279 173 269 386 146 449 357 470 534 327 294 357 105 464 355 208 411 421 426 189 375 247 377 112 47 401 313 215 363 88 139 317 39 180 465 227 427 135 262 191 65 476 457 311 16 30 425 126 108 189 297 164 292 427 294 108 340 314 97 151 35 388 345 356 189 481 322 317 185 437 124 238 61 334 220
138 98 321 496 568 189 4 297 516 386 427 79 439 198 216 493 492 407 273 365 454 91 487 66 326 281 347 420 351 414 164 425 209 211 487 321 317 283 343 107 19 399 489 551 153 250 330 410 213 525 455 310 414 38 484 354 450 255 103 347 539 144 475 0 435 449 216 242 262 319 386 180 340 605 218 369 229 533 477 342 338 101 157 33 355 376 448 288 444 191 158 526 77 368 48 315 273 575 102 496 458 328 190 478 222 391 357 223 515 354 293 297 302 468 255 285 467 250 266 498 482 448 249 348 420 288 288 311 455 56 265 492 153 203 509 514 481 339 240 121 289 234 461 291 325 276 399 412 414 181 678
296 407 424 62 296 253 439 466 114 68 282 364 72 306 318 65 245 100 405 142 131 366 137 385 153 458 89 351 508 302 272 228 253 223 197 433 157 377 114 416 422 55 86 289 406 369 110 74 257 179 142 459 310 411 183 116 174 276 333 217 146 294 44 435 0 169 386 440 201 400 50 316 415 297 247 84 247 200 277 371 115 413 323 431 515 318 296 337 80 434 321 229 369 408 386 163 353 273 338 137 63 384 279 226 335 60 114 288 81 139 443 202 407 149 233 149 85 450 433 319 56 13 400 88 75 147 275 124 295 388 269 132 297 282 128 176 49 373 319 315 147 454 324 296 141 415 114 236 25 300 251
331 387 314 194 141 264 454 368 123 128 125 370 241 265 262 213 77 262 311 289 41 361 306 386 128 364 199 200 396 150 315 71 240 272 40 324 280 280 134 390 444 130 119 129 362 287 163 101 236 81 30 355 158 439 34 117 5 212 350 115 123 336 162 449 169 0 317 360 299 288 159 281 297 163 231 223 221 84 107 250 140 390 300 433 402 182 133 240 250 374 298 81 405 279 404 138 261 133 348 73 114 269 260 57 271 132 114 240 180 281 344 152 302 33 195 219 98 368 344 150 150 168 317 165 241 222 191 196 130 393 202 73 354 251 97 69 197 253 250 350 224 378 161 204 265 321 72 85 154 274 356
206 118 106 444 400 172 219 102 422 319 246 161 425 86 68 451 330 411 58 392 340 138 491 157 235 87 324 216 158 226 221 266 148 230 345 107 347 69 272 112 224 333 403 383 65 38 279 329 138 399 336 107 223 234 348 273 316 111 178 203 435 221 414 216 386 317 0 56 310 103 337 87 124 446 149 359 143 398 303 130 270 116 100 184 164 181 263 88 433 57 102 377 231 152 198 224 67 418 162 384 378 113 125 323 50 327 274 98 450 379 87 187 86 346 153 272 377 67 63 311 413 396 34 303 411 278 126 283 272 169 120 382 251 113 405 387 435 126 69 211 280 68 269 114 345 62 299 250 361 105 634
256 144 90 497 429 227 244 55 470 372 275 200 481 143 124 505 363 467 54 448 386 178 547 192 287 39 380 230 111 251 273 303 204 286 384 85 403 84 325 135 253 386 452 412 90 73 334 380 194 440 380 68 246 266 389 325 358 163 223 247 480 271 466 242 440 360 56 0 366 100 392 143 114 477 205 414 199 437 331 140 324 140 153 208 117 204 288 120 489 51 154 413 271 146 234 277 98 450 207 429 429 117 181 359 105 380 327 154 501 435 52 239 79 390 207 328 426 11 27 333 464 449 42 358 466 334 172 339 297 203 171 427 301 169 451 428 488 135 120 259 337 19 289 155 401 49 348 286 414 161 686
131 272 394 257 441 138 266 411 308 182 355 211 183 225 250 247 370 147 354 102 280 223 225 232 183 397 115 395 465 360 105 319 167 80 339 399 55 339 165 284 246 190 278 428 296 315 136 214 179 350 288 412 365 231 329 182 302 237 175 257 338 120 245 262 201 299 310 366 0 375 164 223 396 459 170 120 182 366 381 366 159 280 214 269 472 348 376 310 187 338 212 380 187 406 216 180 315 431 187 310 248 368 185 351 270 183 185 225 282 92 392 201 371 300 192 81 265 377 372 418 257 214 339 138 164 77 260 103 379 230 238 306 110 201 313 343 239 366 266 143 75 372 401 280 66 363 228 316 189 205 423
292 221 25 451 337 242 322 82 407 331 185 260 453 157 130 463 277 448 49 440 321 238 522 259 249 84 358 132 109 159 301 223 208 298 306 35 400 38 289 215 327 344 394 320 168 71 307 332 196 365 313 66 153 336 313 284 285 139 272 186 412 307 418 319 400 288 103 100 375 0 357 168 22 386 205 394 192 359 241 43 290 219 188 288 116 113 196 66 461 144 189 329 330 49 299 241 60 361 257 361 376 20 195 276 113 340 285 150 449 427 60 202 21 321 187 318 369 101 74 237 413 407 72 329 441 325 126 321 205 271 141 360 338 177 385 353 445 38 110 302 327 119 192 105 395 51 295 207 375 182 634
248 357 381 112 296 203 391 420 143 32 256 315 97 256 269 115 236 106 358 130 128 316 167 335 108 411 49 320 464 273 224 206 202 175 194 390 129 332 67 365 374 29 114 287 355 322 60 58 207 191 138 414 280 364 181 73 163 229 283 180 174 246 89 386 50 159 337 392 164 357 0 265 373 306 197 64 197 209 261 331 67 363 272 381 471 283 273 292 106 385 270 231 322 369 337 116 307 280 288 149 83 342 228 216 287 27 73 239 129 123 397 156 362 148 184 102 101 402 386 302 97 62 353 37 89 100 231 75 273 338 222 144 252 232 149 185 99 332 271 267 101 405 301 252 113 368 90 210 27 250 301
124 105 180 376 390 84 185 189 369 252 246 105 347 17 40 381 314 329 136 307 294 89 411 113 174 174 245 243 244 234 135 247 65 143 316 184 260 129 204 109 181 267 346 373 90 98 205 268 58 361 293 191 234 184 315 209 281 74 107 171 387 139 348 180 316 281 87 143 223 168 265 0 190 429 68 278 69 365 297 176 202 109 24 157 251 197 267 116 355 121 23 353 168 210 146 162 109 400 94 338 319 168 39 302 54 260 212 43 386 293 172 132 157 305 89 189 322 154 150 317 350 327 117 229 331 195 107 203 274 124 85 336 170 34 356 350 365 174 64 134 197 151 281 111 259 144 245 233 291 18 567
315 242 25 465 335 264 343 85 417 347 187 282 470 180 153 477 279 466 67 460 331 260 540 281 266 90 377 126 99 160 324 229 230 320 312 33 421 61 306 235 348 360 405 319 188 94 325 346 218 371 323 66 153 357 319 300 293 160 295 199 421 330 432 340 415 297 124 114 396 22 373 190 0 385 226 412 214 364 241 47 307 240 211 308 105 117 195 86 479 161 212 332 352 32 321 258 82 362 280 369 388 31 218 280 136 355 301 173 462 447 67 220 38 330 207 338 380 113 86 233 426 422 91 347 459 345 145 340 204 293 161 369 361 199 394 360 460 43 132 324 348 132 188 123 415 67 308 213 390 204 646
493 533 408 289 50 424 610 468 193 280 202 526 366 412 402 313 116 397 423 434 179 515 417 540 291 470 353 260 480 227 478 182 397 435 122 418 434 392 295 535 601 276 215 66 500 410 324 249 391 118 172 451 232 598 130 279 161 355 509 258 165 498 268 605 297 163 446 477 459 386 306 429 385 0 388 369 376 97 145 343 302 536 450 586 484 273 190 359 372 503 449 81 566 358 562 300 381 29 505 159 233 366 414 127 407 281 276 386 262 429 446 308 405 159 349 381 212 482 455 156 252 289 436 322 372 383 327 357 181 548 345 164 518 402 170 121 301 347 385 512 385 496 198 333 419 430 232 197 292 425 382
113 164 223 308 353 44 223 245 307 185 225 139 279 62 82 312 277 262 186 243 238 131 343 155 111 232 177 243 297 220 109 211 9 93 269 229 199 169 138 171 213 199 283 337 158 146 137 203 10 308 238 244 223 210 266 145 232 69 121 133 327 123 281 218 247 231 149 205 170 205 197 68 226 388 0 210 15 315 269 199 134 169 76 202 304 195 247 141 287 189 74 308 180 238 174 99 144 358 116 281 254 199 32 262 102 192 147 55 320 230 225 79 200 251 40 123 259 216 207 296 283 259 173 160 263 129 98 135 253 162 73 277 151 36 297 297 297 198 96 130 131 216 267 115 197 195 185 200 223 52 498
230 357 417 136 361 202 374 450 197 95 314 305 71 273 290 128 300 53 388 66 192 311 133 326 150 439 35 373 497 328 204 266 213 159 258 425 73 365 112 367 355 94 168 351 365 350 88 123 221 253 202 445 335 342 246 125 227 258 271 229 229 225 127 369 84 223 359 414 120 394 64 278 412 369 210 0 215 272 323 373 109 363 279 370 504 333 332 328 78 400 277 295 298 412 321 155 339 343 279 211 140 382 238 280 310 91 126 261 162 59 428 192 396 213 210 90 160 426 413 364 140 97 379 68 53 85 267 75 333 327 254 206 223 247 207 248 119 374 298 247 84 426 360 289 57 398 153 269 78 260 308
128 170 212 307 340 60 234 236 301 183 210 150 282 59 75 312 264 268 176 252 229 141 348 165 105 224 181 228 287 205 125 198 23 107 258 218 209 158 135 176 225 197 278 324 159 137 138 199 15 298 229 234 207 222 255 140 221 55 134 120 320 139 279 229 247 221 143 199 182 192 197 69 214 376 15 215 0 304 254 185 132 175 81 212 294 179 232 128 290 187 79 297 194 224 186 93 133 346 129 273 250 185 39 249 94 191 143 45 317 239 215 68 189 242 26 130 253 210 199 281 280 258 165 161 267 137 83 140 238 173 58 270 167 35 289 287 296 184 85 145 139 211 251 100 205 186 178 186 222 56 498
411 470 383 198 101 346 538 440 103 184 178 454 269 349 345 220 90 300 387 337 86 445 324 469 209 438 257 251 463 206 394 135 324 349 53 393 339 355 206 474 527 180 120 100 445 366 232 153 320 22 81 426 213 522 50 190 84 296 433 197 81 416 173 533 200 84 398 437 366 359 209 365 364 97 315 272 304 0 135 317 212 474 384 517 468 246 177 317 277 455 382 42 487 342 487 219 339 74 431 62 136 339 344 84 353 185 187 323 173 332 417 236 375 67 279 289 115 444 420 168 157 193 395 228 275 292 272 264 170 477 285 67 432 335 77 24 208 321 332 431 293 456 198 284 323 396 141 152 195 358 320
380 398 263 300 97 310 482 323 220 228 56 400 348 279 266 320 44 366 277 388 148 386 413 411 197 324 295 120 337 81 371 61 278 336 93 273 372 247 219 398 476 233 223 80 360 266 250 206 269 150 136 306 87 476 106 203 102 222 389 135 209 389 269 477 277 107 303 331 381 241 261 297 241 145 269 323 254 135 0 197 225 400 320 455 342 128 45 215 356 359 319 96 449 215 438 202 237 120 382 167 222 220 289 55 268 234 201 254 283 379 301 194 259 134 228 300 204 336 309 42 256 276 291 259 346 304 191 282 37 421 212 169 413 275 192 140 304 202 246 399 307 351 63 193 358 285 170 68 260 296 450
298 247 66 419 293 240 346 125 370 303 142 277 427 162 136 432 234 426 86 423 284 256 498 279 224 127 337 90 146 116 303 182 204 293 265 76 387 62 264 242 348 315 359 277 196 93 285 300 192 324 276 109 110 355 272 257 246 129 284 154 373 312 386 342 371 250 130 140 366 43 331 176 47 343 199 373 185 317 197 0 266 246 199 312 152 71 153 60 436 179 199 287 344 39 317 217 69 318 270 322 342 23 196 234 124 311 257 149 415 411 103 180 63 282 174 303 334 142 115 194 380 377 105 306 417 310 108 303 162 291 128 322 342 177 347 313 415 4 113 310 312 160 149 87 379 91 262 166 347 187 600
206 298 314 175 281 149 343 353 178 50 209 262 162 191 202 181 211 161 291 168 126 260 232 281 42 343 75 264 397 221 186 165 141 138 180 323 146 265 6 305 328 65 151 269 292 255 25 72 144 198 131 346 227 320 171 23 143 161 235 120 202 207 146 338 115 140 270 324 159 290 67 202 307 302 134 109 132 212 225 266 0 303 211 329 404 223 227 225 171 319 209 221 281 305 290 49 240 273 237 163 121 276 167 192 219 58 25 172 185 157 330 88 295 145 117 78 129 335 319 265 148 125 286 40 151 82 164 57 229 286 155 159 221 168 173 190 164 267 204 225 84 339 255 185 133 301 70 165 90 187 365
150 7 220 475 495 161 104 196 476 354 346 74 435 125 134 477 421 410 172 378 403 56 493 57 280 179 335 328 250 330 174 354 162 208 425 219 328 185 307 6 113 368 452 478 52 153 303 373 161 470 402 208 329 126 424 314 390 180 108 279 495 163 449 101 413 390 116 140 280 219 363 109 240 536 169 363 175 474 400 246 303 0 93 68 256 288 365 196 441 90 95 461 138 268 97 268 179 507 93 447 423 229 137 410 133 361 317 151 488 365 191 241 201 414 198 273 428 149 164 415 452 425 148 325 417 278 209 293 374 67 191 444 188 141 464 459 462 242 154 144 279 134 375 207 332 174 353 339 390 118 664
106 88 200 384 411 79 162 202 383 262 269 81 350 41 63 387 335 329 153 303 310 65 411 90 187 187 248 267 258 257 120 268 70 135 335 203 255 149 214 94 157 276 359 394 86 118 212 280 68 379 309 207 258 160 334 221 299 97 84 191 402 121 357 157 323 300 100 153 214 188 272 24 211 450 76 279 81 384 320 199 211 93 0 135 265 221 290 140 357 124 2 373 144 232 122 175 131 421 71 354 330 190 44 323 76 269 223 65 396 290 187 148 177 322 105 189 334 164 163 340 360 334 133 235 333 195 130 206 298 101 107 351 152 48 371 367 372 197 87 113 196 158 305 135 256 160 259 255 299 25 574
140 66 289 493 547 180 35 263 506 378 403 66 441 175 191 492 471 411 241 372 440 71 492 47 313 247 346 392 317 389 166 404 194 210 470 288 323 252 333 74 48 391 480 530 121 220 323 401 197 511 441 277 389 65 467 344 433 232 99 327 528 149 470 33 431 433 184 208 269 288 381 157 308 586 202 370 212 517 455 312 329 68 135 0 322 349 423 259 447 158 137 508 94 336 54 301 244 556 92 483 450 297 173 459 194 384 346 201 510 360 260 281 270 454 238 283 458 216 232 473 475 444 217 343 422 287 264 307 431 42 243 480 164 183 498 499 478 309 213 126 287 200 436 265 330 243 387 391 409 160 677
370 260 90 567 434 334 357 62 522 446 291 318 566 246 222 579 383 558 117 546 436 295 635 309 363 78 469 224 7 263 385 335 305 392 417 81 504 139 403 250 368 460 510 418 207 157 419 448 294 477 428 60 256 382 424 399 399 246 340 302 526 385 534 355 515 402 164 117 472 116 471 251 105 484 304 504 294 468 342 152 404 256 265 322 0 222 297 178 574 165 266 436 388 127 351 354 165 462 324 475 492 134 286 384 202 455 400 249 565 533 79 315 108 435 295 424 485 107 101 329 529 522 133 442 553 431 240 430 305 320 250 475 416 271 499 465 561 149 208 375 433 122 286 218 500 108 411 318 490 268 750
305 287 137 361 225 239 380 196 304 253 72 303 380 180 159 376 163 384 150 389 218 285 450 309 182 196 298 48 216 46 304 113 202 283 195 147 359 120 220 285 378 264 296 208 243 142 246 244 191 255 209 180 42 382 202 210 178 129 301 103 305 317 327 376 318 182 181 204 348 113 283 197 117 273 195 333 179 246 128 71 223 288 221 349 222 0 84 93 389 235 221 215 363 97 343 179 113 248 290 255 282 93 204 163 155 261 210 159 354 377 173 148 131 215 160 276 271 208 181 130 320 322 164 264 372 282 97 269 93 321 122 255 346 185 280 243 359 75 136 321 285 224 88 86 349 157 205 97 295 202 536
360 364 218 327 140 290 452 278 254 240 21 371 365 249 232 346 87 379 234 395 175 356 433 381 193 280 301 75 292 37 354 67 256 323 130 228 373 204 222 363 448 247 252 124 323 225 252 222 246 190 163 261 42 449 141 207 128 193 364 120 247 370 294 448 296 133 263 288 376 196 273 267 195 190 247 332 232 177 45 153 227 365 290 423 297 84 0 175 374 319 289 140 425 169 411 195 196 166 355 201 247 176 264 93 232 247 206 224 313 385 256 179 215 164 207 296 231 293 266 50 283 297 249 265 361 302 160 282 9 391 183 203 396 248 226 179 328 157 211 377 304 308 28 158 361 241 183 62 277 268 486
237 195 89 390 313 181 291 131 354 268 159 219 387 102 76 401 245 382 71 373 268 199 457 222 184 125 292 133 171 138 243 183 145 234 264 97 334 41 225 193 292 282 338 295 149 50 241 271 133 320 262 122 135 297 268 221 238 73 224 130 362 251 357 288 337 240 88 120 310 66 292 116 86 359 141 328 128 317 215 60 225 196 140 259 178 93 175 0 396 144 140 293 284 97 259 176 21 332 211 310 317 57 136 239 65 276 222 89 390 361 107 136 69 271 121 252 312 127 103 223 354 344 77 264 375 259 61 255 184 234 74 309 282 117 333 308 383 58 52 249 261 139 181 40 328 81 236 166 312 127 576
307 435 485 93 375 280 449 522 182 136 359 383 9 349 365 74 326 42 460 95 211 389 61 404 212 511 109 425 567 377 280 306 290 236 277 494 133 435 172 445 430 127 158 368 443 422 155 151 297 255 223 516 385 416 264 180 255 329 348 286 213 300 105 444 80 250 433 489 187 461 106 355 479 372 287 78 290 277 356 436 171 441 357 447 574 389 374 396 0 476 355 308 372 475 397 220 410 351 357 214 141 448 316 306 384 129 179 335 125 100 499 259 466 230 282 168 163 500 486 399 121 84 452 132 24 163 335 151 373 405 324 210 296 323 202 254 76 438 370 323 162 502 403 356 121 470 190 313 97 338 236
219 95 138 494 457 203 193 105 477 369 303 156 468 128 118 500 388 451 95 427 396 134 533 145 286 89 367 268 159 281 239 324 186 259 403 135 379 117 321 85 203 383 456 440 45 93 325 381 179 456 392 119 278 217 405 323 372 165 183 259 490 234 464 191 434 374 57 51 338 144 385 121 161 503 189 400 187 455 359 179 319 90 124 158 165 235 319 144 476 0 126 434 225 192 186 275 123 475 166 439 431 158 161 381 104 377 325 146 501 414 103 239 123 403 201 310 431 58 77 366 464 445 73 349 453 316 183 325 328 156 175 437 262 153 460 443 483 174 124 219 318 43 323 171 380 93 353 307 409 139 684
104 90 201 382 410 76 163 204 381 259 268 82 347 40 63 385 334 327 154 301 308 66 409 91 184 189 246 267 260 257 118 267 68 133 333 204 253 150 212 96 158 274 357 393 88 118 210 278 65 377 308 208 257 161 332 219 298 96 84 190 400 119 355 158 321 298 102 154 212 189 270 23 212 449 74 277 79 382 319 199 209 95 2 137 266 221 289 140 355 126 0 371 144 232 122 172 132 419 70 352 328 190 42 322 76 267 221 64 394 288 188 146 177 320 103 186 332 166 165 339 358 332 134 233 331 192 129 204 297 101 106 349 150 46 369 365 370 197 87 112 194 160 304 134 254 162 257 254 296 24 572
411 458 353 234 66 343 531 411 142 202 145 447 300 336 328 257 53 328 361 361 102 437 358 461 210 411 276 215 430 172 396 110 317 354 41 363 357 329 215 460 521 201 155 61 428 343 243 172 312 62 93 396 179 518 50 198 79 280 429 181 123 417 208 526 229 81 377 413 380 329 231 353 332 81 308 295 297 42 96 287 221 461 373 508 436 215 140 293 308 434 371 0 485 308 482 219 315 52 425 95 166 309 335 53 335 204 195 310 211 354 388 228 346 82 270 300 145 419 393 127 192 224 371 243 304 303 254 277 133 469 269 99 436 324 114 57 243 291 313 431 305 432 159 263 342 369 151 127 220 347 362
75 132 338 430 533 141 81 326 458 326 404 71 367 184 208 425 457 334 289 289 404 93 412 81 277 310 280 410 383 395 97 392 171 146 445 339 242 291 287 144 59 338 430 517 181 258 270 353 179 477 406 336 397 43 440 300 406 234 61 314 484 75 411 77 369 405 231 271 187 330 322 168 352 566 180 298 194 487 449 344 281 138 144 94 388 363 425 284 372 225 144 485 0 375 41 267 275 536 73 444 399 333 161 441 220 331 303 204 450 279 317 258 315 420 220 220 410 281 290 475 419 382 266 286 348 222 268 246 432 71 243 440 77 178 455 466 414 341 232 55 222 268 443 277 251 294 347 381 350 160 607
333 270 58 455 307 278 371 117 402 341 164 307 466 197 170 469 255 466 98 463 315 285 536 306 263 123 377 97 122 136 340 210 243 331 291 65 426 84 303 264 375 353 392 291 217 118 324 337 230 351 307 98 129 383 299 295 276 168 316 191 403 347 421 368 408 279 152 146 406 49 369 210 32 358 238 412 224 342 215 39 305 268 232 336 127 97 169 97 475 192 232 308 375 0 346 256 100 335 302 352 377 41 233 258 156 349 296 186 450 450 99 220 69 313 214 343 367 146 119 204 414 414 121 345 456 350 147 342 178 318 168 352 378 214 377 340 451 39 148 344 352 165 159 126 419 99 298 194 384 222 633
90 92 305 448 527 142 53 289 468 337 390 40 391 163 185 445 450 360 256 319 407 61 440 42 279 273 299 389 345 379 116 384 164 162 443 306 270 261 295 103 39 350 441 510 143 228 281 362 171 479 409 300 380 38 439 307 405 218 55 305 492 96 426 48 386 404 198 234 216 299 337 146 321 562 174 321 186 487 438 317 290 97 122 54 351 343 411 259 397 186 122 482 41 346 0 268 248 532 57 449 410 305 149 436 194 343 309 186 466 308 282 253 284 422 212 236 419 244 255 461 433 399 233 300 372 240 251 262 418 30 227 445 109 163 462 468 432 314 209 73 240 230 426 257 278 261 352 371 365 143 629
192 263 265 220 272 126 319 304 208 95 175 236 211 149 157 228 197 209 242 210 139 231 281 254 11 295 120 222 347 182 177 140 107 136 178 273 181 215 49 269 307 109 184 257 251 206 67 106 107 210 140 297 188 302 172 48 139 113 213 78 227 198 189 315 163 138 224 277 180 241 116 162 258 300 99 155 93 219 202 217 49 268 175 301 354 179 195 176 220 275 172 219 267 256 268 0 190 270 212 181 157 227 131 179 173 103 50 128 226 198 280 39 246 153 73 101 160 287 270 238 189 172 237 88 200 106 114 90 199 260 106 178 217 128 197 200 211 219 156 212 109 292 221 136 170 252 85 135 137 149 410
233 179 79 407 334 181 277 113 373 284 180 208 401 97 70 417 266 393 52 383 288 187 470 210 200 106 304 150 158 158 241 204 148 237 286 86 342 25 240 175 279 298 357 317 131 29 254 288 135 342 283 106 155 286 290 237 259 81 216 150 382 247 375 273 353 261 67 98 315 60 307 109 82 381 144 339 133 339 237 69 240 179 131 244 165 113 196 21 410 123 132 315 275 100 248 190 0 354 202 331 335 58 135 261 55 292 238 90 409 370 90 151 57 292 130 261 331 106 83 243 371 361 56 277 388 267 77 265 205 221 85 329 278 116 353 329 400 66 49 244 270 117 201 58 337 62 254 188 327 122 594
463 504 384 271 37 394 580 444 175 252 176 496 343 383 373 294 87 373 397 409 152 485 398 510 262 445 326 238 457 202 448 153 367 406 93 394 407 366 267 506 571 250 194 47 472 382 295 222 361 96 144 427 208 568 101 250 131 326 479 229 149 468 247 575 273 133 418 450 431 361 280 400 362 29 358 343 346 74 120 318 273 507 421 556 462 248 166 332 351 475 419 52 536 335 532 270 354 0 475 136 210 341 384 97 379 254 247 357 244 403 421 278 380 132 320 352 188 456 429 137 231 267 409 294 349 355 298 328 157 519 315 141 488 373 150 97 281 323 357 482 357 470 177 305 392 405 203 169 267 395 377
57 86 267 400 469 88 107 261 415 286 334 26 351 110 134 399 393 323 219 287 352 36 405 47 224 245 254 337 317 324 82 327 107 120 386 269 238 218 242 98 96 299 388 453 121 186 231 309 113 423 353 268 325 94 382 253 348 163 16 248 438 70 377 102 338 348 162 207 187 257 288 94 280 505 116 279 129 431 382 270 237 93 71 92 324 290 355 211 357 166 70 425 73 302 57 212 202 475 0 394 358 260 92 378 146 292 255 132 417 275 249 196 244 366 155 191 366 218 223 405 383 351 197 251 332 195 196 215 362 49 172 390 97 107 408 412 386 268 158 53 196 207 372 204 243 225 297 315 316 88 585
368 442 386 139 161 306 501 439 52 128 196 418 207 324 324 161 126 237 382 275 44 412 263 435 170 435 198 271 469 222 349 143 289 302 74 396 279 351 157 448 488 121 59 156 423 355 180 96 287 41 48 427 230 481 61 143 76 275 394 181 51 370 112 496 137 73 384 429 310 361 149 338 369 159 281 211 273 62 167 322 163 447 354 483 475 255 201 310 214 439 352 95 444 352 449 181 331 136 394 0 73 342 312 111 336 127 140 299 118 270 415 206 374 39 249 237 52 437 414 207 97 130 386 172 212 238 258 210 197 442 264 4 384 306 25 39 147 326 315 388 239 447 227 273 263 391 97 158 133 328 285
324 418 401 80 233 270 463 448 60 73 236 384 134 306 313 98 187 163 388 203 73 382 193 403 145 442 133 308 485 259 302 180 261 253 137 410 211 358 116 425 448 61 31 226 408 356 129 50 262 115 85 438 267 439 123 109 119 267 355 189 90 324 47 458 63 114 378 429 248 376 83 319 388 233 254 140 250 136 222 342 121 423 330 450 492 282 247 317 141 431 328 166 399 377 410 157 335 210 358 73 0 358 286 169 328 68 106 285 73 199 424 191 385 89 230 182 21 438 418 264 37 57 387 114 138 181 258 154 244 407 258 69 333 285 67 113 82 345 309 343 182 445 275 277 195 398 81 191 61 305 259
292 231 44 434 316 238 331 102 388 316 165 265 439 156 129 447 257 435 64 429 302 244 509 265 235 104 346 113 127 138 299 203 203 292 286 54 391 44 275 225 334 329 376 300 178 77 294 315 190 345 294 87 133 342 293 269 266 131 274 169 393 306 401 328 384 269 113 117 368 20 342 168 31 366 199 382 185 339 220 23 276 229 190 297 134 93 176 57 448 158 190 309 333 41 305 227 58 341 260 342 358 0 192 256 114 324 270 146 432 417 80 189 40 302 178 308 351 120 92 217 396 391 85 316 428 315 114 310 184 277 131 341 337 173 366 333 429 18 107 302 318 137 172 92 385 68 277 187 360 181 617
102 132 211 340 378 47 195 225 339 217 243 111 308 40 65 344 301 290 170 267 268 101 371 125 143 212 206 252 279 234 107 235 26 105 297 216 221 157 170 138 187 232 315 361 127 130 168 236 24 338 268 226 236 186 294 177 260 74 99 156 359 115 313 190 279 260 125 181 185 195 228 39 218 414 32 238 39 344 289 196 167 137 44 173 286 204 264 136 316 161 42 335 161 233 149 131 135 384 92 312 286 192 0 287 85 225 179 47 352 254 207 108 188 281 65 149 291 193 187 314 315 290 153 191 292 155 107 164 271 134 82 308 146 19 328 326 328 195 85 117 157 190 281 119 220 178 216 222 255 22 530
369 407 300 245 92 300 483 358 164 185 94 399 298 285 276 266 20 320 307 346 95 388 362 413 172 357 255 167 379 121 356 57 271 316 37 310 335 276 185 409 474 187 167 78 375 289 216 159 265 96 84 343 129 472 50 168 52 229 383 131 154 376 215 478 226 57 323 359 351 276 216 302 280 127 262 280 249 84 55 234 192 410 323 459 384 163 93 239 306 381 322 53 441 258 436 179 261 97 378 111 169 256 287 0 282 189 166 259 228 338 335 183 293 79 223 270 150 365 340 96 202 224 317 221 298 274 201 249 87 421 218 113 397 275 136 86 250 238 260 388 276 378 117 209 321 315 128 73 212 298 395
179 132 127 393 364 132 226 142 373 268 213 153 375 45 19 401 291 363 85 346 292 133 442 157 184 130 275 198 195 196 189 225 103 190 301 131 302 74 221 131 226 282 353 346 93 45 229 278 92 353 288 142 195 232 303 222 270 61 160 156 386 193 363 222 335 271 50 105 270 113 287 54 136 407 102 310 94 353 268 124 219 133 76 194 202 155 232 65 384 104 76 335 220 156 194 173 55 379 146 336 328 114 85 282 0 276 223 48 399 333 123 136 103 299 102 224 327 116 104 281 362 345 70 253 361 231 81 234 240 168 71 333 225 68 356 341 384 121 21 189 233 119 242 74 299 93 249 209 310 69 583
256 355 364 117 270 204 396 406 128 8 231 318 120 249 259 125 209 132 344 157 102 317 190 337 92 397 72 296 448 248 233 179 199 184 167 373 153 317 55 363 381 7 99 260 350 309 61 32 202 167 111 398 256 371 155 55 136 217 288 158 156 255 88 391 60 132 327 380 183 340 27 260 355 281 192 91 191 185 234 311 58 361 269 384 455 261 247 276 129 377 267 204 331 349 343 103 292 254 292 127 68 324 225 189 276 0 54 230 127 150 383 142 346 122 175 114 82 390 373 275 91 68 341 46 114 114 215 86 247 341 209 122 265 226 130 161 107 313 259 275 115 395 275 236 137 354 63 185 35 245 307
227 311 310 170 255 167 362 352 160 46 188 280 170 200 207 179 186 175 290 188 101 277 241 298 39 343 94 248 393 202 208 142 154 162 154 319 170 262 19 318 348 59 135 243 301 255 49 56 155 174 106 344 209 341 146 2 117 163 254 106 182 230 139 357 114 114 274 327 185 285 73 212 301 276 147 126 143 187 201 257 25 317 223 346 400 210 206 222 179 325 221 195 303 296 309 50 238 247 255 140 106 270 179 166 223 54 0 179 175 178 328 88 292 120 124 104 111 337 319 242 138 123 287 58 162 108 160 82 208 304 155 136 245 178 152 165 162 259 206 247 109 342 234 181 156 300 45 143 89 198 359
149 147 168 347 346 91 228 190 333 222 204 147 327 26 29 354 271 314 131 297 255 131 393 156 139 178 226 206 242 192 154 204 57 147 273 174 254 114 174 151 223 236 311 329 124 91 181 235 45 320 253 189 193 225 273 177 239 31 142 128 349 163 317 223 288 240 98 154 225 150 239 43 173 386 55 261 45 323 254 149 172 151 65 201 249 159 224 89 335 146 64 310 204 186 186 128 90 357 132 299 285 146 47 259 48 230 179 0 355 284 170 94 145 265 55 176 286 165 153 274 317 298 119 204 312 182 64 185 232 166 42 297 193 28 318 308 337 148 41 163 185 166 240 72 251 140 208 190 263 43 537
377 483 475 31 274 331 520 522 69 134 305 443 121 375 383 53 244 161 461 211 139 443 157 463 215 515 171 379 559 329 353 249 326 304 192 484 235 432 182 490 503 120 61 272 476 429 186 120 329 150 149 512 337 492 178 177 185 338 412 262 96 375 39 515 81 180 450 501 282 449 129 386 462 262 320 162 317 173 283 415 185 488 396 510 565 354 313 390 125 501 394 211 450 450 466 226 409 244 417 118 73 432 352 228 399 127 175 355 0 212 498 263 459 149 300 230 83 511 492 324 37 68 460 166 135 228 331 204 310 467 330 115 379 352 96 154 48 418 381 396 228 517 340 350 220 471 154 261 101 372 185
220 358 449 183 420 211 358 475 254 153 366 300 98 292 313 169 358 58 415 13 252 310 133 321 196 463 83 420 526 378 194 320 231 157 317 456 37 395 162 369 338 153 225 410 375 376 133 182 241 312 261 473 384 323 305 177 285 288 263 276 286 211 180 354 139 281 379 435 92 427 123 293 447 429 230 59 239 332 379 411 157 365 290 360 533 377 385 361 100 414 288 354 279 450 308 198 370 403 275 270 199 417 254 338 333 150 178 284 212 0 455 231 427 272 240 109 219 446 437 420 195 151 404 120 80 102 303 108 386 320 286 265 202 266 266 308 165 411 324 234 100 445 413 324 34 425 210 322 137 275 334
293 194 41 497 397 255 295 24 460 374 245 246 490 167 142 507 337 481 39 468 374 223 559 240 290 24 392 191 72 219 307 281 226 313 364 34 425 66 330 186 304 388 445 380 139 78 343 378 215 422 367 19 214 315 370 327 341 169 265 236 467 308 465 293 443 344 87 52 392 60 397 172 67 446 225 428 215 417 301 103 330 191 187 260 79 173 256 107 499 103 188 388 317 99 282 280 90 421 249 415 424 80 207 335 123 383 328 170 498 455 0 241 42 376 217 346 419 48 27 297 461 451 54 367 477 352 167 353 265 251 175 414 339 191 439 410 490 99 130 299 355 68 252 147 421 29 343 264 418 189 683
187 236 226 258 275 117 302 264 238 133 157 218 250 117 121 267 198 246 203 244 162 209 320 233 49 255 157 194 308 159 177 134 89 143 189 234 210 176 88 241 292 147 217 259 218 167 105 142 84 230 161 257 164 289 186 86 152 75 200 59 255 195 227 297 202 152 187 239 201 202 156 132 220 308 79 192 68 236 194 180 88 241 148 281 315 148 179 136 259 239 146 228 258 220 253 39 151 278 196 206 191 189 108 183 136 142 88 94 263 231 241 0 206 173 43 127 192 249 231 225 225 210 198 127 239 134 75 123 184 241 67 203 219 100 224 219 249 181 118 206 136 254 202 97 201 213 114 125 176 122 447
282 203 23 459 356 235 305 65 419 338 203 245 457 148 122 470 295 450 28 440 333 223 526 243 254 64 361 153 101 178 293 239 203 292 322 28 399 31 295 196 310 351 405 339 149 59 310 340 191 380 326 53 172 319 328 290 299 138 259 197 426 297 427 302 407 302 86 79 371 21 362 157 38 405 200 396 189 375 259 63 295 201 177 270 108 131 215 69 466 123 177 346 315 69 284 246 57 380 244 374 385 40 188 293 103 346 292 145 459 427 42 206 0 334 187 318 379 80 52 257 422 414 52 333 445 324 131 323 224 255 142 373 328 170 398 368 453 58 104 290 327 98 212 110 394 30 304 222 381 173 644
345 410 346 166 148 280 473 400 90 120 157 390 221 290 288 187 97 246 343 279 20 382 283 406 143 396 194 233 429 183 327 104 259 282 47 356 275 312 138 415 461 119 88 139 388 317 165 90 257 57 13 387 191 456 34 122 37 239 367 143 91 348 135 468 149 33 346 390 300 321 148 305 330 159 251 213 242 67 134 282 145 414 322 454 435 215 164 271 230 403 320 82 420 313 422 153 292 132 366 39 89 302 281 79 299 122 120 265 149 272 376 173 334 0 217 222 70 398 375 175 122 146 348 162 224 225 220 198 160 413 228 39 365 274 64 46 171 286 278 364 226 408 191 234 260 352 74 118 138 296 323
152 193 209 292 314 83 260 239 280 167 185 176 274 76 84 299 237 264 178 252 205 166 342 191 85 229 175 208 288 182 147 171 49 123 232 216 213 155 119 198 251 181 257 298 177 140 127 180 41 273 204 235 185 249 229 122 195 48 160 93 297 162 262 255 233 195 153 207 192 187 184 89 207 349 40 210 26 279 228 174 117 198 105 238 295 160 207 121 282 201 103 270 220 214 212 73 130 320 155 249 230 178 65 223 102 175 124 55 300 240 217 43 187 217 0 131 232 218 203 256 262 243 170 151 260 137 67 135 213 199 46 246 189 56 267 262 282 174 88 170 140 221 228 87 207 188 155 160 208 79 482
147 266 340 211 360 111 290 367 242 110 276 217 161 185 205 208 289 140 306 122 203 221 222 238 103 355 62 321 417 283 122 238 124 74 259 347 83 286 85 276 273 121 213 347 275 267 57 141 133 275 209 364 289 262 250 102 222 179 184 179 270 144 191 285 149 219 272 328 81 318 102 189 338 381 123 90 130 289 300 303 78 273 189 283 424 276 296 252 168 310 186 300 220 343 236 101 261 352 191 237 182 308 149 270 224 114 104 176 230 109 346 127 318 222 131 0 196 339 329 337 199 162 295 67 144 6 195 27 299 240 177 232 151 159 243 266 195 304 215 165 9 339 323 216 76 316 149 235 130 171 394
335 423 394 96 211 278 472 443 48 85 221 391 155 308 313 116 168 185 383 223 56 388 214 410 148 437 151 295 478 245 313 166 266 265 117 404 230 353 124 429 458 75 25 205 410 353 141 57 266 94 68 433 253 450 103 114 103 266 364 182 74 335 65 467 85 98 377 426 265 369 101 322 380 212 259 160 253 115 204 334 129 428 334 458 485 271 231 312 163 431 332 145 410 367 419 160 331 188 366 52 21 351 291 150 327 82 111 286 83 219 419 192 379 70 232 196 0 435 415 246 52 78 384 128 160 196 254 168 228 415 256 47 346 288 48 91 100 337 308 354 197 443 259 272 214 393 78 178 81 309 266
267 153 88 507 433 239 252 46 478 382 279 211 492 154 135 515 369 478 58 460 394 188 558 201 297 30 391 233 101 255 284 309 215 297 391 82 414 89 336 143 262 396 461 416 100 82 345 390 206 448 388 61 250 275 396 335 365 173 234 255 488 282 476 250 450 368 67 11 377 101 402 154 113 482 216 426 210 444 336 142 335 149 164 216 107 208 293 127 500 58 166 419 281 146 244 287 106 456 218 437 438 120 193 365 116 390 337 165 511 446 48 249 80 398 218 339 435 0 27 336 473 459 50 369 477 346 180 350 302 213 181 435 312 180 459 435 498 138 131 270 348 19 292 164 413 51 357 292 424 172 696
269 167 62 489 407 234 268 39 457 365 253 219 478 146 124 498 343 467 32 451 372 196 545 212 280 25 378 205 95 228 284 284 207 292 367 58 406 64 319 158 276 379 441 389 112 64 331 371 196 424 366 45 223 288 372 318 341 157 239 233 466 284 457 266 433 344 63 27 372 74 386 150 86 455 207 413 199 420 309 115 319 164 163 232 101 181 266 103 486 77 165 393 290 119 255 270 83 429 223 414 418 92 187 340 104 373 319 153 492 437 27 231 52 375 203 329 415 27 0 309 454 442 34 354 464 336 160 338 275 224 164 413 314 172 437 411 481 110 115 274 338 45 264 142 404 24 337 267 408 167 677
409 413 257 342 105 339 502 317 259 270 71 422 390 299 282 362 80 408 278 429 190 406 456 431 234 321 336 106 324 85 402 99 305 369 132 266 411 250 259 413 498 275 264 90 372 272 290 248 295 185 178 300 87 499 146 243 144 243 413 166 246 418 311 498 319 150 311 333 418 237 302 317 233 156 296 364 281 168 42 194 265 415 340 473 329 130 50 223 399 366 339 127 475 204 461 238 243 137 405 207 264 217 314 96 281 275 242 274 324 420 297 225 257 175 256 337 246 336 309 0 298 318 294 300 388 342 210 321 42 441 233 209 444 298 231 177 346 198 261 426 345 352 44 207 398 285 212 102 302 318 488
345 447 438 44 258 296 486 485 61 98 273 409 115 338 346 64 219 151 424 196 108 408 166 428 178 478 143 346 522 296 321 217 290 272 168 448 214 395 145 454 470 84 37 253 439 391 152 83 292 135 120 475 304 460 153 140 155 301 379 226 93 343 16 482 56 150 413 464 257 413 97 350 426 252 283 140 280 157 256 380 148 452 360 475 529 320 283 354 121 464 358 192 419 414 433 189 371 231 383 97 37 396 315 202 362 91 138 317 37 195 461 225 422 122 262 199 52 473 454 298 0 44 423 133 124 197 294 172 280 432 292 93 349 315 81 136 50 382 344 364 198 480 311 313 198 434 118 229 69 336 222
310 419 432 50 290 266 452 475 103 77 284 377 76 317 328 56 243 108 413 153 128 379 137 397 161 466 103 354 516 305 285 229 264 237 194 441 170 385 124 428 435 63 76 284 417 378 122 77 268 171 140 467 312 424 180 124 173 286 345 223 136 307 30 448 13 168 396 449 214 407 62 327 422 289 259 97 258 193 276 377 125 425 334 444 522 322 297 344 84 445 332 224 382 414 399 172 361 267 351 130 57 391 290 224 345 68 123 298 68 151 451 210 414 146 243 162 78 459 442 318 44 0 409 100 82 160 283 136 295 401 278 126 311 293 120 170 39 379 328 328 160 464 325 304 154 423 117 238 35 311 239
239 150 72 457 388 201 252 72 428 332 234 195 444 113 90 466 322 433 24 417 343 173 512 191 248 59 345 195 126 211 253 260 173 259 342 72 373 44 286 144 258 346 410 371 96 31 297 339 163 398 338 73 207 268 346 285 315 124 212 204 438 254 425 249 400 317 34 42 339 72 353 117 91 436 173 379 165 395 291 105 286 148 133 217 133 164 249 77 452 73 134 371 266 121 233 237 56 409 197 386 387 85 153 317 70 341 287 119 460 404 54 198 52 348 170 295 384 50 34 294 423 409 0 321 430 302 130 304 258 203 131 385 285 138 408 385 448 101 82 245 304 61 251 113 370 27 307 244 375 135 645
211 319 353 150 307 165 353 389 175 44 247 277 123 221 234 152 240 120 327 129 142 278 193 297 82 379 36 304 435 260 188 200 165 139 204 361 114 302 43 327 337 53 145 295 319 290 23 75 170 211 150 384 267 327 193 57 169 197 246 160 203 210 126 348 88 165 303 358 138 329 37 229 347 322 160 68 161 228 259 306 40 325 235 343 442 264 265 264 132 349 233 243 286 345 300 88 277 294 251 172 114 316 191 221 253 46 58 204 166 120 367 127 333 162 151 67 128 369 354 300 133 100 321 0 111 67 202 40 266 300 191 167 218 195 176 204 137 307 238 231 68 371 293 224 100 337 93 202 65 213 339
282 410 465 104 370 256 425 500 185 121 345 358 19 326 342 88 318 26 438 77 204 365 81 380 193 489 86 409 546 363 256 294 266 212 271 473 111 414 153 420 406 114 159 363 419 400 134 140 274 254 215 495 370 392 258 162 246 308 323 268 217 276 108 420 75 241 411 466 164 441 89 331 459 372 263 53 267 275 346 417 151 417 333 422 553 372 361 375 24 453 331 304 348 456 372 200 388 349 332 212 138 428 292 298 361 114 162 312 135 80 477 239 445 224 260 144 160 477 464 388 124 82 430 111 0 139 314 127 361 380 302 207 272 299 202 251 86 419 348 299 137 478 390 336 98 448 178 299 86 314 259
150 271 346 208 364 117 293 373 242 111 281 221 156 192 211 205 293 134 313 115 205 226 216 242 108 361 59 327 424 289 125 243 130 77 262 353 76 293 88 281 275 121 213 351 280 274 59 142 140 276 212 371 295 264 253 105 225 186 188 185 270 146 189 288 147 222 278 334 77 325 100 195 345 383 129 85 137 292 304 310 82 278 195 287 431 282 302 259 163 316 192 303 222 350 240 106 267 355 195 238 181 315 155 274 231 114 108 182 228 102 352 134 324 225 137 6 196 346 336 342 197 160 302 67 139 0 202 27 305 244 184 233 152 165 243 268 192 310 222 168 2 345 328 223 69 323 151 241 128 177 390
208 207 150 329 285 143 292 191 298 207 139 211 326 89 75 340 211 321 130 315 214 196 395 221 123 183 232 145 233 128 208 144 106 189 220 159 278 101 163 208 288 220 280 268 173 98 180 211 94 272 209 183 129 289 222 159 189 33 206 76 309 220 297 288 275 191 126 172 260 126 231 107 145 327 98 267 83 272 191 108 164 209 130 264 240 97 160 61 335 183 129 254 268 147 251 114 77 298 196 258 258 114 107 201 81 215 160 64 331 303 167 75 131 220 67 195 254 180 160 210 294 283 130 202 314 202 0 195 167 231 25 256 249 89 279 260 322 108 59 224 204 189 175 21 271 140 177 129 250 108 516
173 287 344 186 338 132 315 375 215 83 262 241 143 198 215 184 268 128 314 120 178 244 208 261 89 363 42 313 423 272 149 221 138 100 236 351 91 291 63 296 299 93 186 325 292 275 33 114 146 249 185 371 278 288 226 80 200 184 209 169 243 171 164 311 124 196 283 339 103 321 75 203 340 357 135 75 140 264 282 303 57 293 206 307 430 269 282 255 151 325 204 277 246 342 262 90 265 328 215 210 154 310 164 249 234 86 82 185 204 108 353 123 323 198 135 27 168 350 338 321 172 136 304 40 127 27 195 0 285 264 180 206 178 172 216 241 171 303 223 192 28 351 309 217 80 323 125 220 103 186 371
366 372 227 324 132 296 460 287 249 240 28 379 364 257 240 343 80 379 243 396 171 363 432 388 196 289 303 82 300 46 360 67 262 328 124 236 376 213 224 372 455 247 249 115 332 234 254 221 252 183 160 270 51 456 136 209 125 200 371 125 242 376 292 455 295 130 272 297 379 205 273 274 204 181 253 333 238 170 37 162 229 374 298 431 305 93 9 184 373 328 297 133 432 178 418 199 205 157 362 197 244 184 271 87 240 247 208 232 310 386 265 184 224 160 213 299 228 302 275 42 280 295 258 266 361 305 167 285 0 399 190 198 402 255 222 173 326 166 220 384 307 317 30 166 363 250 183 64 276 275 482
99 61 276 450 511 137 61 259 464 335 370 23 399 142 161 449 435 370 227 332 399 35 451 12 272 243 303 365 315 358 125 368 153 168 431 276 282 234 291 73 57 349 438 494 113 200 280 359 157 470 400 270 358 64 428 301 394 198 56 290 486 109 427 56 388 393 169 203 230 271 338 124 293 548 162 327 173 477 421 291 286 67 101 42 320 321 391 234 405 156 101 469 71 318 30 260 221 519 49 442 407 277 134 421 168 341 304 166 467 320 251 241 255 413 199 240 415 213 224 441 432 401 203 300 380 244 231 264 399 0 208 438 128 146 456 459 435 288 185 87 245 199 405 235 289 231 345 355 366 124 635
183 188 163 325 304 117 270 198 301 201 162 188 315 67 60 334 229 308 136 298 220 173 384 198 116 188 218 171 243 152 182 162 80 165 234 171 259 111 155 191 264 215 282 287 160 100 168 209 68 283 217 192 154 265 234 154 201 10 181 88 315 195 294 265 269 202 120 171 238 141 222 85 161 345 73 254 58 285 212 128 155 191 107 243 250 122 183 74 324 175 106 269 243 168 227 106 85 315 172 264 258 131 82 218 71 209 155 42 330 286 175 67 142 228 46 177 256 181 164 233 292 278 131 191 302 184 25 180 190 208 0 262 224 64 285 271 317 128 51 198 186 187 200 42 253 146 178 148 244 84 514
364 439 385 135 165 303 497 438 51 123 197 414 202 321 321 157 129 232 381 270 41 409 259 432 166 434 193 272 468 223 345 143 286 297 77 395 274 350 153 445 484 116 56 160 421 354 175 91 284 46 46 426 231 477 63 139 77 273 390 180 53 366 108 492 132 73 382 427 306 360 144 336 369 164 277 206 270 67 169 322 159 444 351 480 475 255 203 309 210 437 349 99 440 352 445 178 329 141 390 4 69 341 308 113 333 122 136 297 115 265 414 203 373 39 246 232 47 435 413 209 93 126 385 167 207 233 256 206 198 438 262 0 380 303 24 44 143 325 313 384 235 445 228 271 258 390 93 158 128 325 284
45 181 351 357 490 106 157 353 393 261 374 114 291 181 208 351 414 257 305 212 347 132 335 133 226 337 208 395 409 371 42 353 143 82 395 354 165 299 227 193 136 272 364 475 218 269 205 290 155 420 351 359 374 121 388 242 356 218 80 278 421 31 340 153 297 354 251 301 110 338 252 170 361 518 151 223 167 432 413 342 221 188 152 164 416 346 396 282 296 262 150 436 77 378 109 217 278 488 97 384 333 337 146 397 225 265 245 193 379 202 339 219 328 365 189 151 346 312 314 444 349 311 285 218 272 152 249 178 402 128 224 380 0 165 392 410 340 341 230 43 151 303 417 264 174 312 290 344 280 156 531
121 136 193 342 365 65 207 211 336 218 226 124 315 26 48 347 288 299 153 279 262 112 380 137 140 197 213 233 264 217 125 221 35 122 287 199 234 139 170 141 201 233 312 348 124 114 172 234 25 330 261 211 219 201 285 175 251 56 116 144 354 135 314 203 282 251 113 169 201 177 232 34 199 402 36 247 35 335 275 177 168 141 48 183 271 185 248 117 323 153 46 324 178 214 163 128 116 373 107 306 285 173 19 275 68 226 178 28 352 266 191 100 170 274 56 159 288 180 172 298 315 293 138 195 299 165 89 172 255 146 64 303 165 0 323 318 331 176 67 135 167 180 264 100 232 162 212 209 257 22 533
379 459 410 120 178 320 514 463 28 132 221 432 195 342 344 143 150 228 405 270 65 428 247 450 185 458 199 297 493 247 359 168 304 311 98 420 278 374 167 465 501 123 44 175 442 377 187 102 304 54 71 450 255 493 85 155 101 295 407 203 30 380 97 509 128 97 405 451 313 385 149 356 394 170 297 207 289 77 192 347 173 464 371 498 499 280 226 333 202 460 369 114 455 377 462 197 353 150 408 25 67 366 328 136 356 130 152 318 96 266 439 224 398 64 267 243 48 459 437 231 81 120 408 176 202 243 279 216 222 456 285 24 392 323 0 57 131 350 335 399 244 468 252 295 262 414 111 183 129 345 260
391 455 378 177 122 326 519 434 85 161 178 436 246 334 331 199 97 276 379 313 63 428 302 452 189 431 233 252 459 205 373 130 305 327 49 388 315 347 183 459 508 156 98 118 431 355 209 129 302 12 59 420 213 502 40 168 70 282 413 184 69 395 151 514 176 69 387 428 343 353 185 350 360 121 297 248 287 24 140 313 190 459 367 499 465 243 179 308 254 443 365 57 466 340 468 200 329 97 412 39 113 333 326 86 341 161 165 308 154 308 410 219 368 46 262 266 91 435 411 177 136 170 385 204 251 268 260 241 173 459 271 44 410 318 57 0 186 316 319 411 270 447 202 273 299 388 119 146 171 341 310
342 456 470 18 308 302 486 514 108 116 317 412 72 356 367 17 268 113 452 163 155 414 116 433 200 505 134 388 554 339 317 262 302 269 217 479 190 424 162 465 468 102 88 304 455 417 160 114 306 185 167 505 347 457 203 163 202 325 380 260 139 339 35 481 49 197 435 488 239 445 99 365 460 301 297 119 296 208 304 415 164 462 372 478 561 359 328 383 76 483 370 243 414 451 432 211 400 281 386 147 82 429 328 250 384 107 162 337 48 165 490 249 453 171 282 195 100 498 481 346 50 39 448 137 86 192 322 171 326 435 317 143 340 331 131 186 0 417 367 360 192 503 357 343 175 462 153 272 74 349 201
296 243 62 422 298 239 343 121 373 305 147 274 429 160 134 435 239 427 81 424 287 253 499 276 225 122 338 95 142 120 302 186 203 292 269 72 387 57 266 238 345 318 362 281 192 89 286 303 191 328 279 105 115 352 276 259 250 129 281 156 377 310 388 339 373 253 126 135 366 38 332 174 43 347 198 374 184 321 202 4 267 242 197 309 149 75 157 58 438 174 197 291 341 39 314 219 66 323 268 326 345 18 195 238 121 313 259 148 418 411 99 181 58 286 174 304 337 138 110 198 382 379 101 307 419 310 108 303 166 288 128 325 341 176 350 316 417 0 111 308 313 155 154 87 380 86 264 170 349 185 603
185 152 127 376 342 132 244 152 353 251 192 168 362 49 24 384 269 351 91 337 271 149 430 173 167 141 263 180 201 176 192 203 99 188 280 133 295 73 205 152 242 265 333 325 115 52 215 260 86 331 267 149 175 247 281 204 248 42 171 135 366 199 345 240 319 250 69 120 266 110 271 64 132 385 96 298 85 332 246 113 204 154 87 213 208 136 211 52 370 124 87 313 232 148 209 156 49 357 158 315 309 107 85 260 21 259 206 41 381 324 130 118 104 278 88 215 308 131 115 261 344 328 82 238 348 222 59 223 220 185 51 313 230 67 335 319 367 111 0 197 224 136 222 53 291 100 229 188 293 74 565
19 137 313 376 480 88 126 312 403 270 356 71 317 147 173 372 404 286 267 245 348 88 367 91 222 296 226 368 368 350 43 340 121 91 390 316 197 263 231 150 107 283 374 465 174 231 214 297 131 421 351 318 352 96 385 245 352 191 37 263 428 22 356 121 315 350 211 259 143 302 267 134 324 512 130 247 145 431 399 310 225 144 113 126 375 321 377 249 323 219 112 431 55 344 73 212 244 482 53 388 343 302 117 388 189 275 247 163 396 234 299 206 290 364 170 165 354 270 274 426 364 328 245 231 299 168 224 192 384 87 198 384 43 135 399 411 360 308 197 0 168 260 396 235 204 273 292 330 295 122 556
150 273 349 208 365 118 293 376 243 112 284 222 155 194 213 204 295 132 315 113 207 227 215 243 110 363 58 330 426 291 125 245 132 77 264 356 74 295 90 283 276 121 213 353 282 276 61 143 142 278 213 373 297 264 255 107 227 188 188 188 271 146 189 289 147 224 280 337 75 327 101 197 348 385 131 84 139 293 307 312 84 279 196 287 433 285 304 261 162 318 194 305 222 352 240 109 270 357 196 239 182 318 157 276 233 115 109 185 228 100 355 136 327 226 140 9 197 348 338 345 198 160 304 68 137 2 204 28 307 245 186 235 151 167 244 270 192 313 224 168 0 347 330 226 67 325 153 243 128 179 389
258 138 107 512 449 235 236 64 487 387 294 198 493 153 136 520 383 479 74 458 403 176 559 188 303 49 392 250 117 270 277 322 214 293 403 102 412 104 340 128 246 401 469 431 87 91 348 396 205 459 398 80 266 260 407 340 376 178 224 265 498 273 481 234 454 378 68 19 372 119 405 151 132 496 216 426 211 456 351 160 339 134 158 200 122 224 308 139 502 43 160 432 268 165 230 292 117 470 207 447 445 137 190 378 119 395 342 166 517 445 68 254 98 408 221 339 443 19 45 352 480 464 61 371 478 345 189 351 317 199 187 445 303 180 468 447 503 155 136 260 347 0 308 173 411 68 365 305 429 169 702
380 374 212 355 148 311 466 273 279 269 46 386 394 263 244 374 107 407 234 423 202 370 462 394 220 276 329 62 281 47 375 96 275 346 154 221 401 206 250 373 462 276 279 132 331 230 280 251 265 212 191 255 46 465 166 235 156 208 381 144 271 390 322 461 324 161 269 289 401 192 301 281 188 198 267 360 251 198 63 149 255 375 305 436 286 88 28 181 403 323 304 159 443 159 426 221 201 177 372 227 275 172 281 117 242 275 234 240 340 413 252 202 212 191 228 323 259 292 264 44 311 325 251 293 390 328 175 309 30 405 200 228 417 264 252 202 357 154 222 396 330 308 0 170 388 240 212 91 305 283 512
221 206 128 349 289 158 295 171 315 228 138 217 348 94 74 360 217 343 110 337 230 199 417 224 144 164 254 133 212 123 223 152 121 207 231 137 300 81 185 205 292 241 298 272 167 82 202 230 109 285 225 162 123 296 234 180 202 45 215 91 324 234 317 291 296 204 114 155 280 105 252 111 123 333 115 289 100 284 193 87 185 207 135 265 218 86 158 40 356 171 134 263 277 126 257 136 58 305 204 273 277 92 119 209 74 236 181 72 350 324 147 97 110 234 87 216 272 164 142 207 313 304 113 224 336 223 21 217 166 235 42 271 264 100 295 273 343 87 53 235 226 173 170 0 293 120 196 136 271 116 536
189 325 416 193 406 177 330 442 253 139 342 268 117 258 279 182 341 82 382 47 239 277 162 289 169 429 66 393 493 352 163 298 197 124 303 423 16 362 139 336 310 142 223 395 341 342 108 170 207 304 248 440 358 295 292 155 269 255 232 249 284 181 185 325 141 265 345 401 66 395 113 259 415 419 197 57 205 323 358 379 133 332 256 330 500 349 361 328 121 380 254 342 251 419 278 170 337 392 243 263 195 385 220 321 299 137 156 251 220 34 421 201 394 260 207 76 214 413 404 398 198 154 370 100 98 69 271 80 363 289 253 258 174 232 262 299 175 380 291 204 67 411 388 293 0 392 193 299 133 241 357
266 177 45 469 382 226 279 51 435 346 228 223 461 138 113 479 319 452 10 438 349 201 530 219 262 43 363 181 101 204 279 260 197 284 343 45 395 40 301 169 285 360 419 365 122 49 314 351 185 400 343 48 199 295 348 299 318 140 240 211 443 281 437 276 415 321 62 49 363 51 368 144 67 430 195 398 186 396 285 91 301 174 160 243 108 157 241 81 470 93 162 369 294 99 261 252 62 405 225 391 398 68 178 315 93 354 300 140 471 425 29 213 30 352 188 316 393 51 24 285 434 423 27 337 448 323 140 323 250 231 146 390 312 162 414 388 462 86 100 273 325 68 240 120 392 0 316 243 389 160 657
272 348 320 157 213 210 404 367 124 58 168 321 181 232 235 171 148 196 306 218 56 316 250 339 73 360 127 236 404 187 253 116 193 207 111 329 208 277 64 354 391 63 103 202 333 275 92 40 192 129 61 357 195 384 101 48 76 188 297 108 142 275 124 399 114 72 299 348 228 295 90 245 308 232 185 153 178 141 170 262 70 353 259 387 411 205 183 236 190 353 257 151 347 298 352 85 254 203 297 97 81 277 216 128 249 63 45 208 154 210 343 114 304 74 155 149 78 357 337 212 118 117 307 93 178 151 177 125 183 345 178 93 290 212 111 119 153 264 229 292 153 365 212 196 193 316 0 122 93 234 340
312 336 231 272 156 242 416 288 208 178 46 333 304 216 205 289 81 316 235 332 123 320 373 345 132 286 238 117 312 67 302 16 210 267 99 241 311 203 160 338 410 186 201 139 303 216 190 162 201 158 113 273 75 409 106 144 81 159 321 67 208 320 238 412 236 85 250 286 316 207 210 233 213 197 200 269 186 152 68 166 165 339 255 391 318 97 62 166 313 307 254 127 381 194 371 135 188 169 315 158 191 187 222 73 209 185 143 190 261 322 264 125 222 118 160 235 178 292 267 102 229 238 244 202 299 241 129 220 64 355 148 158 344 209 183 146 272 170 188 330 243 305 91 136 299 243 122 0 216 230 441
276 384 400 85 287 230 419 441 120 43 262 342 88 281 292 90 232 108 379 142 119 343 156 362 127 432 74 329 483 281 252 209 228 203 186 408 149 352 89 392 402 31 90 278 381 344 86 54 232 175 130 433 288 391 172 90 159 251 311 193 151 274 61 414 25 154 361 414 189 375 27 291 390 292 223 78 222 195 260 347 90 390 299 409 490 295 277 312 97 409 296 220 350 384 365 137 327 267 316 133 61 360 255 212 310 35 89 263 101 137 418 176 381 138 208 130 81 424 408 302 69 35 375 65 86 128 250 103 276 366 244 128 280 257 129 171 74 349 293 295 128 429 305 271 133 389 93 216 0 276 275
111 114 196 361 387 66 186 206 357 238 247 103 330 25 51 365 311 312 152 288 284 90 393 114 161 192 228 249 261 236 119 244 48 125 309 200 242 143 190 119 180 252 334 370 105 114 189 255 43 353 284 208 237 181 308 196 273 75 99 166 376 125 334 181 300 274 105 161 205 182 250 18 204 425 52 260 56 358 296 187 187 118 25 160 268 202 268 127 338 139 24 347 160 222 143 149 122 395 88 328 305 181 22 298 69 245 198 43 372 275 189 122 173 296 79 171 309 172 167 318 336 311 135 213 314 177 108 186 275 124 84 325 156 22 345 341 349 185 74 122 179 169 283 116 241 160 234 230 276 0 551
539 658 660 190 413 503 682 707 233 315 481 612 240 557 567 186 407 276 647 327 317 615 211 633 398 700 331 556 744 507 513 427 504 467 357 669 369 617 363 666 664 301 240 417 657 614 361 305 508 302 327 697 515 651 345 361 360 523 578 448 241 534 220 678 251 356 634 686 423 634 301 567 646 382 498 308 498 320 450 600 365 664 574 677 750 536 486 576 236 684 572 362 607 633 629 410 594 377 585 285 259 617 530 395 583 307 359 537 185 334 683 447 644 323 482 394 266 696 677 488 222 239 645 339 259 390 516 371 482 635 514 284 531 533 260 310 201 603 565 556 389 702 512 536 357 657 340 441 275 551 0
