16
17
19
7
8
5
18
20
19
11
11
9
8
10
7
20
5
12
22
21
11
13
21
15
20
17
16
6
5
17
11
20
11
23
8
24
10
22
8
13
15
18
11
11
5
10
21
13
6
9
12
9
18
5
11
13
11
20
15
21
10
22
11
9
9
22
21
20
21
15
16
23
19
6
15
12
9
13
23
5
10
13
5
10
9
19
23
14
9
12
12
6
24
6
11
24
6
13
24
10
16
13
15
23
24
23
22
13
22
12
18
23
19
12
13
14
11
13
19
21
15
6
20
8
7
8
5
24
24
6
23
17
6
21
24
7
6
12
13
14
17
23
5
11
24
7
8
18
13
22
19
16
12
11
23
6
17
11
6
17
6
14
11
15
19
19
21
9
21
16
15
13
9
5
15
8
19
20
6
20
16
15
14
18
16
11
5
18
23
10
5
7
10
24
24
8
6
9
11
