22
5
17
22
12
19
18
9
15
12
23
24
7
23
9
13
14
12
18
11
12
13
17
21
10
18
19
24
15
19
15
14
11
17
10
7
9
23
14
5
9
6
15
22
12
15
17
14
24
22
19
15
18
6
17
19
24
7
13
16
19
16
8
19
20
18
18
22
15
22
8
6
24
20
17
19
6
9
6
23
12
15
8
17
21
14
11
16
8
10
8
23
5
24
23
14
10
23
21
13
21
15
22
10
13
20
19
23
8
20
18
7
12
8
23
6
17
14
14
5
18
23
9
18
19
17
22
6
23
24
17
6
7
18
15
9
8
19
13
11
5
24
6
23
22
13
20
11
17
21
19
22
17
9
5
8
9
12
16
24
23
15
14
19
9
6
21
22
14
11
11
14
19
16
20
21
10
13
13
8
18
14
5
9
5
8
9
11
16
16
17
14
17
5
9
11
12
16
18
