0 267 344 340 171 369 354 349 428 291 133 356 488 241 172 43 210 176 229 266 184 352 328 443 320 339 426 362 83 309 476 446 306 346 295 121 290 123 68 460 335 225 260 254 78 495 214 419 55 405 348 262 557 335 289 391 201 231 466 275 485 253 134 102 233 381 459 406 200 157 263 65 92 245 300 182 157 199 169 262 364 342 271 91 461 327 323 459 326 301 454 241 478 444 248 169 290 388 486 425
267 0 329 85 146 254 127 358 173 305 333 131 329 56 98 294 136 301 239 376 267 216 432 192 165 260 230 441 309 73 364 180 107 427 291 200 228 144 319 218 192 167 58 230 264 298 156 205 226 268 311 63 364 212 394 357 185 45 337 201 269 160 222 177 238 342 192 197 360 174 30 209 175 384 199 118 255 74 252 56 360 420 400 179 336 65 403 260 259 288 192 27 338 179 32 135 331 134 344 337
344 329 0 402 223 127 275 37 351 54 265 272 223 366 288 387 204 186 119 157 162 155 169 350 187 87 245 147 296 287 165 410 243 141 49 232 100 323 329 337 168 169 270 107 270 280 184 270 361 159 27 385 314 144 154 47 169 292 175 127 301 168 212 274 116 41 451 258 217 212 298 347 310 193 136 241 187 285 175 273 31 135 185 333 168 378 128 263 78 46 470 330 195 452 298 235 74 442 201 109
340 85 402 0 231 310 153 433 154 383 416 158 362 100 180 363 219 386 321 460 352 271 515 175 223 325 255 522 390 117 412 129 161 508 368 285 301 217 397 209 249 248 134 309 347 313 238 222 294 315 381 83 377 272 477 425 268 131 381 275 276 236 307 258 319 410 124 219 446 259 109 278 250 469 267 204 340 158 338 131 433 501 484 249 381 23 485 279 328 364 114 103 378 105 116 220 412 49 383 393
171 146 223 231 0 207 191 243 272 183 193 192 321 159 68 211 39 154 109 233 122 184 292 284 149 186 255 307 180 156 320 304 140 292 176 62 139 101 200 296 166 62 109 116 135 324 47 250 160 239 215 182 387 169 252 263 54 100 304 116 314 84 77 69 110 250 328 236 215 28 125 141 98 238 136 27 109 76 107 112 251 286 255 119 301 210 267 288 177 177 333 133 314 319 115 13 202 280 322 275
369 254 127 310 207 0 164 164 230 151 334 160 121 303 253 412 172 258 156 267 221 39 293 226 88 46 117 275 349 193 115 292 149 268 130 248 83 304 378 210 61 146 197 125 310 158 160 143 367 39 100 317 204 42 271 127 168 230 97 94 174 123 241 275 151 113 336 132 308 212 224 349 305 298 71 211 236 238 224 199 154 261 297 326 93 288 253 137 61 121 359 265 108 341 229 215 185 343 116 83
354 127 275 153 191 164 0 311 85 273 380 4 209 184 187 390 157 324 231 374 284 126 418 94 88 190 105 413 372 54 258 136 51 402 254 253 183 246 391 106 108 166 97 207 326 170 166 78 327 163 251 187 237 133 386 288 196 134 227 163 143 140 264 252 227 273 175 70 385 215 107 308 266 393 142 173 283 161 276 96 306 395 402 278 228 134 381 133 197 247 195 150 224 177 121 188 306 180 229 245
349 358 37 433 243 164 311 0 388 61 257 308 256 392 310 390 229 181 134 134 164 192 135 387 222 124 282 111 293 320 192 446 277 106 68 244 132 340 326 374 204 194 301 130 272 315 208 307 371 196 64 412 346 180 127 63 189 319 205 158 338 198 221 287 133 66 487 295 202 228 328 358 324 171 170 264 191 310 179 304 20 99 160 347 199 410 95 300 114 70 505 358 226 487 327 256 61 475 232 138
428 173 351 154 272 230 85 388 0 355 464 86 234 225 257 461 240 409 316 458 369 196 501 21 169 264 131 493 453 119 302 64 135 483 335 335 265 312 470 55 183 252 168 292 407 170 251 95 395 216 325 219 229 207 470 358 281 198 268 247 129 225 347 329 312 343 111 101 470 298 167 376 337 479 224 251 368 229 361 166 381 476 487 346 271 144 464 143 274 328 139 201 259 122 182 268 389 155 262 303
291 305 54 383 183 151 273 61 355 0 210 271 262 335 251 333 172 132 73 116 108 168 146 356 185 104 264 140 241 274 214 409 233 129 21 183 90 279 274 349 173 137 249 74 216 309 151 283 311 188 68 356 351 151 120 102 129 264 218 111 324 146 161 226 72 95 447 270 167 167 276 297 262 149 131 205 133 252 121 252 73 122 146 286 212 360 108 287 90 29 462 302 237 445 272 196 34 427 244 157
133 333 265 416 193 334 380 257 464 210 0 380 455 327 237 162 223 79 177 145 113 331 201 474 317 293 422 241 51 349 422 498 329 226 223 133 250 215 79 482 322 217 303 209 74 484 214 427 183 373 278 351 537 312 166 311 186 288 420 247 485 246 116 160 182 306 521 412 70 166 317 183 180 117 277 218 100 259 111 306 275 223 142 195 415 398 206 453 278 231 524 313 437 511 305 201 195 467 444 365
356 131 272 158 192 160 4 308 86 271 380 0 204 188 190 392 158 324 230 372 283 122 416 94 86 187 100 411 373 58 254 138 51 400 251 254 181 249 392 104 105 166 100 206 327 166 166 73 330 158 248 192 233 129 384 285 196 137 223 161 139 139 264 254 226 270 178 66 384 216 111 310 268 392 140 175 283 164 275 99 303 393 401 281 223 138 379 129 194 245 199 154 219 181 125 190 304 184 224 241
488 329 223 362 321 121 209 256 234 262 455 204 0 385 355 530 283 379 278 377 342 136 391 220 177 163 107 364 471 258 83 298 223 361 242 367 205 411 499 189 155 262 281 247 431 78 274 142 481 83 198 393 90 152 377 198 287 319 54 214 119 236 361 390 273 190 344 142 426 330 303 462 418 411 187 319 358 335 345 282 239 355 407 437 60 343 351 92 178 233 373 348 34 356 313 326 293 380 32 120
241 56 366 100 159 303 184 392 225 335 327 188 385 0 94 262 163 309 265 392 280 267 451 244 216 304 287 465 296 129 416 220 161 451 324 201 268 118 300 273 243 198 106 262 255 354 184 262 193 320 351 23 421 261 412 398 208 74 390 240 326 198 226 167 264 383 223 254 365 185 81 178 153 394 243 133 263 83 264 105 396 444 413 150 389 91 426 317 301 322 215 38 393 206 74 146 358 147 399 385
172 98 288 180 68 253 187 310 257 251 237 190 355 94 0 204 85 214 177 298 186 223 359 273 177 241 274 375 210 138 368 275 144 360 242 107 197 58 221 292 201 120 90 181 167 344 104 259 139 279 278 118 410 211 318 326 121 59 348 171 326 131 131 79 178 312 291 247 271 91 90 120 80 300 183 46 169 27 169 92 317 353 319 90 345 162 335 307 234 242 290 76 355 278 76 55 270 230 362 328
43 294 387 363 211 412 390 390 461 333 162 392 530 262 204 0 250 215 272 302 225 394 362 477 360 382 466 398 111 343 519 475 343 383 338 164 333 150 85 496 377 267 294 297 118 535 255 457 68 447 390 282 598 377 324 433 244 262 508 317 523 294 177 141 276 424 484 444 232 199 294 85 124 278 342 220 199 231 211 296 406 379 304 115 504 351 361 499 370 343 477 268 521 468 279 208 331 409 528 468
210 136 204 219 39 172 157 229 240 172 223 158 283 163 85 250 0 173 103 241 135 146 296 251 110 156 217 305 215 128 286 277 106 291 161 97 111 132 236 261 127 35 87 99 170 285 21 212 197 202 192 183 348 132 258 241 49 92 269 85 276 48 106 108 102 226 306 198 234 58 110 179 135 252 101 39 129 81 124 90 234 284 266 155 265 197 267 249 149 159 314 130 278 298 103 43 196 266 285 243
176 301 186 386 154 258 324 181 409 132 79 324 379 309 214 215 173 0 103 93 41 259 157 417 252 216 353 186 112 302 343 451 274 171 144 109 176 213 145 421 253 157 260 135 98 412 159 362 211 298 199 332 463 240 116 233 128 255 342 177 416 185 82 152 109 228 479 347 61 126 279 204 184 86 207 182 45 230 49 263 199 166 107 205 337 365 147 383 200 152 487 286 359 471 270 166 120 435 367 286
229 239 119 321 109 156 231 134 316 73 177 230 278 265 177 272 103 103 0 143 64 155 194 322 151 117 250 201 194 220 251 364 184 188 70 113 73 205 225 322 150 72 187 31 160 308 83 260 242 196 119 286 360 136 158 164 56 196 245 74 313 92 95 154 5 153 397 246 159 93 212 227 190 162 103 132 80 181 67 190 144 181 171 214 240 298 163 279 102 73 410 233 261 393 206 122 93 367 268 197
266 376 157 460 233 267 374 134 458 116 145 372 377 392 298 302 241 93 143 0 111 281 63 463 290 221 378 96 192 363 323 507 328 81 137 199 198 304 223 459 283 214 327 166 189 426 222 395 304 305 180 415 467 264 23 196 192 331 331 212 440 235 171 244 146 197 541 381 77 207 351 297 276 38 237 260 132 310 129 331 154 78 30 298 325 438 61 403 206 146 553 365 351 536 343 245 84 508 358 267
184 267 162 352 122 221 284 164 369 108 113 283 342 280 186 225 135 41 64 111 0 219 173 377 211 180 313 195 135 263 311 412 234 179 116 89 137 195 167 380 212 117 223 96 108 372 120 321 209 260 170 303 424 200 132 210 89 221 307 137 376 144 62 135 69 202 441 306 101 95 244 198 170 116 166 149 26 198 17 226 180 173 133 193 302 331 154 342 164 123 450 255 324 434 235 134 106 401 331 255
352 216 155 271 184 39 126 192 196 168 331 122 136 267 223 394 146 259 155 281 219 0 314 194 50 68 97 301 340 154 149 257 111 292 147 232 84 277 367 182 23 127 160 124 299 152 138 116 344 56 129 279 208 18 288 163 153 195 125 83 159 99 229 254 150 148 299 103 313 194 186 326 281 309 54 184 231 206 219 162 184 285 311 301 123 249 274 124 80 138 321 228 132 303 193 190 202 304 139 122
328 432 169 515 292 293 418 135 501 146 201 416 391 451 359 362 296 157 194 63 173 314 0 503 331 248 409 45 251 413 326 553 375 36 167 262 236 367 281 496 320 267 381 211 252 449 276 430 368 327 195 474 482 298 41 196 247 388 341 254 468 284 234 307 196 202 589 416 131 267 406 361 340 84 277 318 195 368 191 384 153 39 59 361 335 493 40 430 234 175 603 423 362 586 399 305 112 562 368 274
443 192 350 175 284 226 94 387 21 356 474 94 220 244 273 477 251 417 322 463 377 194 503 0 172 263 120 494 465 134 291 78 145 484 336 347 267 329 483 35 183 260 183 296 419 153 260 85 412 209 323 239 209 207 473 354 290 215 257 251 111 233 358 343 318 339 124 94 478 309 184 393 353 485 226 265 378 245 369 181 378 477 492 363 260 165 465 128 273 329 154 219 246 137 199 281 391 175 249 295
320 165 187 223 149 88 88 222 169 185 317 86 177 216 177 360 110 252 151 290 211 50 331 172 0 104 107 325 319 105 199 224 61 314 165 204 95 234 343 170 27 101 110 124 275 175 108 110 306 104 163 229 237 48 301 204 131 145 174 78 169 71 206 218 147 188 264 95 310 165 136 287 243 313 54 143 216 158 206 111 218 307 320 261 173 200 294 140 109 159 283 178 179 265 142 152 219 259 186 172
339 260 87 325 186 46 190 124 264 104 293 187 163 304 241 382 156 216 117 221 180 68 248 263 104 0 161 232 311 208 137 324 164 224 84 218 49 287 341 251 82 124 201 87 275 204 139 184 342 84 60 320 249 57 225 99 139 229 128 70 220 109 207 250 111 84 366 171 263 186 229 325 283 252 61 196 197 231 184 203 116 217 251 305 123 303 208 182 15 75 386 266 144 368 232 196 139 363 152 88
426 230 245 255 255 117 105 282 131 264 422 100 107 287 274 466 217 353 250 378 313 97 409 120 107 161 0 393 426 157 171 196 131 385 243 312 181 332 451 97 100 208 189 220 383 70 216 36 409 91 217 292 136 115 385 241 238 229 137 176 62 178 314 324 245 227 242 35 409 272 207 390 346 406 146 246 322 250 311 190 271 378 408 362 139 237 369 33 174 234 270 251 128 252 219 258 298 273 131 176
362 441 147 522 307 275 413 111 493 140 241 411 364 465 375 398 305 186 201 96 195 301 45 494 325 232 393 0 289 414 294 549 374 15 159 285 230 390 320 483 310 273 387 212 285 426 284 416 398 307 175 487 455 287 74 166 258 398 312 252 449 286 257 331 202 174 587 404 171 284 413 390 365 126 270 332 219 382 213 390 126 21 102 388 306 499 40 411 221 166 603 435 333 586 408 320 109 566 339 245
83 309 296 390 180 349 372 293 453 241 51 373 471 296 210 111 215 112 194 192 135 340 251 465 319 311 426 289 0 335 445 481 321 274 251 118 265 179 32 476 328 217 287 225 45 491 211 426 135 387 306 319 549 322 214 344 188 266 440 257 488 248 112 131 200 337 501 412 121 157 297 137 143 167 286 201 114 235 127 289 311 270 193 154 435 373 252 458 297 258 501 287 455 488 283 185 232 439 463 390
309 73 287 117 156 193 54 320 119 274 349 58 258 129 138 343 128 302 220 363 263 154 413 134 105 208 157 414 335 0 298 149 44 402 257 218 188 195 351 154 131 148 49 202 289 225 143 132 278 201 265 135 291 154 378 308 174 81 269 163 198 129 233 209 217 293 178 124 363 183 53 259 218 378 151 133 258 111 252 47 318 395 390 229 269 94 379 187 211 251 190 95 269 173 67 150 305 155 275 277
476 364 165 412 320 115 258 192 302 214 422 254 83 416 368 519 286 343 251 323 311 149 326 291 199 137 171 294 445 298 0 367 257 293 198 355 186 419 476 264 173 258 309 223 411 161 273 207 479 97 145 428 167 158 318 129 276 345 34 204 199 238 343 387 246 126 413 202 381 323 335 461 418 359 185 326 331 354 318 311 173 288 350 440 31 391 287 167 150 190 440 378 49 423 342 329 240 438 51 56
446 180 410 129 304 292 136 446 64 409 498 138 298 220 275 475 277 451 364 507 412 257 553 78 224 324 196 549 481 149 367 0 179 538 390 366 319 325 495 111 242 295 195 342 436 230 291 159 407 280 385 208 284 266 521 420 323 216 333 299 188 272 382 352 360 405 46 165 512 332 184 389 354 525 278 280 407 248 401 192 440 531 535 359 335 130 517 206 332 383 76 206 323 60 199 297 442 110 326 367
306 107 243 161 140 149 51 277 135 233 329 51 223 161 144 343 106 274 184 328 234 111 375 145 61 164 131 374 321 44 257 179 0 362 215 203 145 203 341 155 88 117 58 163 275 201 115 115 282 160 221 171 268 110 342 264 146 97 230 122 182 92 213 203 181 248 214 103 335 164 79 263 220 346 107 124 233 119 225 59 275 355 356 234 229 139 340 163 167 210 229 124 231 211 89 138 265 199 237 233
346 427 141 508 292 268 402 106 483 129 226 400 361 451 360 383 291 171 188 81 179 292 36 484 314 224 385 15 274 402 293 538 362 0 148 269 219 374 305 475 300 260 374 200 269 421 271 408 382 301 169 473 452 277 59 164 243 384 310 240 442 273 242 315 189 171 576 395 157 269 400 374 350 112 260 317 203 367 197 377 122 7 89 372 303 486 25 405 212 155 591 421 331 574 395 305 97 554 336 242
295 291 49 368 176 130 254 68 335 21 223 251 242 324 242 338 161 144 70 137 116 147 167 336 165 84 243 159 251 257 198 390 215 148 0 183 70 274 283 328 152 125 234 62 222 288 140 262 312 168 54 344 331 130 142 95 122 251 200 93 303 131 163 225 67 86 428 249 184 163 261 297 260 169 111 196 139 242 127 237 75 141 167 284 195 345 129 266 69 9 444 289 219 427 259 189 55 411 226 142
121 200 232 285 62 248 253 244 335 183 133 254 367 201 107 164 97 109 113 199 89 232 262 347 204 218 312 285 118 218 355 366 203 269 183 0 169 105 139 358 217 105 170 134 72 379 96 309 128 284 232 225 439 215 221 278 80 155 344 153 372 134 27 45 117 266 388 296 164 39 184 114 81 195 180 85 67 126 72 173 256 263 216 104 340 265 244 344 206 186 391 182 357 377 171 68 191 335 364 305
290 228 100 301 139 83 183 132 265 90 250 181 205 268 197 333 111 176 73 198 137 84 236 267 95 49 181 230 265 188 186 319 145 219 70 169 0 240 294 261 85 77 170 41 227 236 93 196 293 123 83 286 287 66 207 130 90 193 176 27 244 69 158 202 67 116 357 182 229 137 198 277 235 224 40 151 152 190 140 173 132 212 228 257 171 278 199 208 38 64 374 231 190 357 198 149 124 343 198 137
123 144 323 217 101 304 246 340 312 279 215 249 411 118 58 150 132 213 205 304 195 277 367 329 234 287 332 390 179 195 419 325 203 374 274 105 240 0 181 350 255 162 148 216 141 403 147 318 82 333 316 141 468 263 326 364 154 114 401 216 385 181 133 60 207 351 335 306 263 111 145 64 35 298 233 93 172 84 177 150 350 368 320 34 398 203 349 365 278 276 331 118 409 320 129 90 292 265 416 375
68 319 329 397 200 378 391 326 470 274 79 392 499 300 221 85 236 145 225 223 167 367 281 483 343 341 451 320 32 351 476 495 341 305 283 139 294 181 0 496 354 242 302 254 68 517 234 449 124 415 337 323 575 349 245 376 214 279 470 285 511 272 138 143 230 369 512 435 150 178 310 130 147 196 313 218 145 247 157 305 343 301 222 152 465 381 284 483 327 290 510 295 485 498 296 202 265 446 492 421
460 218 337 209 296 210 106 374 55 349 482 104 189 273 292 496 261 421 322 459 380 182 496 35 170 251 97 483 476 154 264 111 155 475 328 358 261 350 496 0 176 265 201 294 431 119 267 67 432 188 310 270 174 197 468 337 295 236 230 248 76 236 367 358 317 323 157 79 480 319 207 413 371 483 221 279 383 265 374 200 364 468 489 383 233 198 457 97 262 320 188 245 217 172 222 294 384 210 219 273
335 192 168 249 166 61 108 204 183 173 322 105 155 243 201 377 127 253 150 283 212 23 320 183 27 82 100 310 328 131 173 242 88 300 152 217 85 255 354 176 0 111 136 120 286 163 121 111 325 79 143 256 222 24 292 180 140 172 148 76 163 82 216 236 145 165 283 97 309 178 163 306 262 309 46 163 221 183 210 138 198 293 313 281 146 226 281 130 90 145 304 205 154 286 169 171 208 283 161 145
225 167 169 248 62 146 166 194 252 137 217 166 262 198 120 267 35 157 72 214 117 127 267 260 101 124 208 273 217 148 258 295 117 260 125 105 77 162 242 265 111 0 114 64 174 274 15 210 221 180 157 218 333 110 230 206 30 126 243 54 270 30 105 129 70 192 327 195 218 67 139 203 160 229 75 73 118 116 109 117 199 253 241 181 239 226 236 240 116 124 338 164 254 321 135 72 163 295 262 213
260 58 270 134 109 197 97 301 168 249 303 100 281 106 90 294 87 260 187 327 223 160 381 183 110 201 189 387 287 49 309 195 58 374 234 170 170 148 302 201 136 114 0 174 241 260 105 171 230 214 252 120 326 155 344 298 136 39 284 143 238 102 187 160 185 283 220 160 321 137 28 211 170 339 140 85 215 64 210 3 302 367 353 181 282 111 350 222 200 230 227 68 287 211 32 102 277 180 293 279
254 230 107 309 116 125 207 130 292 74 209 206 247 262 181 297 99 135 31 166 96 124 211 296 124 87 220 212 225 202 223 342 163 200 62 134 41 216 254 294 120 64 174 0 188 277 78 231 262 164 99 282 328 105 178 147 62 190 215 45 282 73 120 171 26 135 378 217 189 107 201 246 206 189 73 134 111 180 98 178 136 193 195 230 210 286 177 248 73 61 392 228 230 375 198 128 103 354 238 171
78 264 270 347 135 310 326 272 407 216 74 327 431 255 167 118 170 98 160 189 108 299 252 419 275 275 383 285 45 289 411 436 275 269 222 72 227 141 68 431 286 174 241 188 0 449 167 381 116 348 276 278 507 281 212 317 146 221 404 217 444 204 70 88 165 309 456 368 130 111 252 112 106 172 245 156 82 191 95 243 288 265 197 121 399 329 246 415 261 228 457 243 418 444 238 139 212 396 426 357
495 298 280 313 324 158 170 315 170 309 484 166 78 354 344 535 285 412 308 426 372 152 449 153 175 204 70 426 491 225 161 230 201 421 288 379 236 403 517 119 163 274 260 277 449 0 283 93 479 121 253 358 66 171 429 264 303 299 129 236 43 244 379 394 303 253 276 100 465 340 276 460 416 457 206 316 383 321 372 260 301 415 456 432 134 297 408 37 219 279 307 320 111 291 289 327 343 324 111 189
214 156 184 238 47 160 166 208 251 151 214 166 274 184 104 255 21 159 83 222 120 138 276 260 108 139 216 284 211 143 273 291 115 271 140 96 93 147 234 267 121 15 105 78 167 283 0 215 207 192 173 204 343 122 239 221 31 113 257 69 276 38 99 116 81 207 321 200 220 57 129 189 145 235 88 57 117 101 110 108 214 264 248 167 253 216 247 248 131 139 331 151 267 315 123 56 175 285 275 228
419 205 270 222 250 143 78 307 95 283 427 73 142 262 259 457 212 362 260 395 321 116 430 85 110 184 36 416 426 132 207 159 115 408 262 309 196 318 449 67 111 210 171 231 381 93 215 0 397 123 243 264 159 131 403 270 240 209 173 186 66 180 314 316 256 256 206 14 420 270 185 378 335 420 158 237 326 234 317 170 297 401 425 349 176 205 390 57 195 254 233 228 165 215 198 250 318 238 168 210
55 226 361 294 160 367 327 371 395 311 183 330 481 193 139 68 197 211 242 304 209 344 368 412 306 342 409 398 135 278 479 407 282 382 312 128 293 82 124 432 325 221 230 262 116 479 207 397 0 400 360 213 543 329 327 406 203 196 464 274 464 245 150 92 245 395 415 385 246 156 228 19 63 288 296 163 183 166 192 232 384 378 313 49 460 282 358 442 332 315 408 200 475 399 212 154 315 341 482 430
405 268 159 315 239 39 163 196 216 188 373 158 83 320 279 447 202 298 196 305 260 56 327 209 104 84 91 307 387 201 97 280 160 301 168 284 123 333 415 188 79 180 214 164 348 121 192 123 400 0 132 331 165 70 308 150 204 250 70 131 142 154 278 308 190 137 326 115 348 247 239 381 337 336 104 240 275 262 263 215 182 294 335 357 68 294 287 104 100 159 351 282 75 333 247 246 221 343 83 86
348 311 27 381 215 100 251 64 325 68 278 248 198 351 278 390 192 199 119 180 170 129 195 323 163 60 217 175 306 265 145 385 221 169 54 232 83 316 337 310 143 157 252 99 276 253 173 243 360 132 0 369 288 118 179 48 162 276 151 110 274 152 214 271 115 35 426 231 236 207 280 345 306 215 114 231 193 272 181 255 55 162 209 329 145 358 155 236 54 47 446 314 171 428 281 227 95 420 178 89
262 63 385 83 182 317 187 412 219 356 351 192 393 23 118 282 183 332 286 415 303 279 474 239 229 320 292 487 319 135 428 208 171 473 344 225 286 141 323 270 256 218 120 282 278 358 204 264 213 331 369 0 424 275 435 416 229 92 401 258 327 216 250 190 286 401 207 258 389 208 93 198 176 418 259 155 287 105 287 117 416 466 436 171 400 78 448 321 318 342 196 54 402 188 88 169 380 127 408 399
557 364 314 377 387 204 237 346 229 351 537 233 90 421 410 598 348 463 360 467 424 208 482 209 237 249 136 455 549 291 167 284 268 452 331 439 287 468 575 174 222 333 326 328 507 66 343 159 543 165 288 424 0 226 467 289 361 365 143 291 100 305 437 456 355 281 329 167 513 400 343 524 480 500 262 380 438 387 426 326 329 446 496 497 149 362 442 104 264 322 360 387 122 345 355 390 382 384 117 210
335 212 144 272 169 42 133 180 207 151 312 129 152 261 211 377 132 240 136 264 200 18 298 207 48 57 115 287 322 154 158 266 110 277 130 215 66 263 349 197 24 110 155 105 281 171 122 131 329 70 118 275 226 0 271 156 135 188 137 64 177 84 211 238 131 140 308 118 295 177 182 311 267 291 35 170 212 196 200 157 173 270 294 287 134 249 259 142 66 122 328 222 145 310 187 175 186 307 153 124
289 394 154 477 252 271 386 127 470 120 166 384 377 412 318 324 258 116 158 23 132 288 41 473 301 225 385 74 214 378 318 521 342 59 142 221 207 326 245 468 292 230 344 178 212 429 239 403 327 308 179 435 467 271 0 190 209 349 329 223 445 249 193 266 161 192 555 389 97 227 368 320 299 53 247 279 154 329 150 347 147 57 34 320 323 455 42 408 211 150 568 384 350 551 361 265 86 525 356 264
391 357 47 425 263 127 288 63 358 102 311 285 198 398 326 433 241 233 164 196 210 163 196 354 204 99 241 166 344 308 129 420 264 164 95 278 130 364 376 337 180 206 298 147 317 264 221 270 406 150 48 416 289 156 190 0 210 324 146 158 291 200 258 318 161 15 463 260 262 254 326 391 353 234 158 279 234 321 222 301 43 158 223 377 140 402 157 254 98 91 484 361 167 466 328 275 118 462 172 78
201 185 169 268 54 168 196 189 281 129 186 196 287 208 121 244 49 128 56 192 89 153 247 290 131 139 238 258 188 174 276 323 146 243 122 80 90 154 214 295 140 30 136 62 146 303 31 240 203 204 162 229 361 135 209 210 0 140 264 73 300 60 76 111 57 197 352 226 189 46 159 186 145 204 99 75 87 124 79 139 197 237 217 168 260 246 219 269 128 122 362 177 276 346 152 67 150 315 284 227
231 45 292 131 100 230 134 319 198 264 288 137 319 74 59 262 92 255 196 331 221 195 388 215 145 229 229 398 266 81 345 216 97 384 251 155 193 114 279 236 172 126 39 190 221 299 113 209 196 250 276 92 365 188 349 324 140 0 320 165 276 123 176 136 195 309 234 199 315 128 31 178 139 338 168 72 209 31 207 39 323 377 354 147 318 110 360 261 227 249 236 38 324 222 17 89 289 180 331 311
466 337 175 381 304 97 227 205 268 218 420 223 54 390 348 508 269 342 245 331 307 125 341 257 174 128 137 312 440 269 34 333 230 310 200 344 176 401 470 230 148 243 284 215 404 129 257 173 464 70 151 401 143 137 329 146 264 320 0 191 166 220 335 372 240 139 379 169 385 309 309 446 403 366 168 307 326 331 313 285 187 304 360 423 6 360 301 133 143 192 407 352 21 389 317 312 247 405 26 67
275 201 127 275 116 94 163 158 247 111 247 161 214 240 171 317 85 177 74 212 137 83 254 251 78 70 176 252 257 163 204 299 122 240 93 153 27 216 285 248 76 54 143 45 217 236 69 186 274 131 110 258 291 64 223 158 73 165 191 0 239 42 147 182 69 143 336 172 234 118 171 256 213 235 29 125 147 163 135 146 158 233 241 235 187 252 219 205 63 88 351 204 203 334 171 125 143 317 211 159
485 269 301 276 314 174 143 338 129 324 485 139 119 326 326 523 276 416 313 440 376 159 468 111 169 220 62 449 488 198 199 188 182 442 303 372 244 385 511 76 163 270 238 282 444 43 276 66 464 142 274 327 100 177 445 291 300 276 166 239 0 240 375 382 308 279 233 78 472 333 251 444 401 468 209 303 384 301 373 237 325 436 470 416 170 262 427 37 234 294 264 293 150 248 264 315 359 284 150 219
253 160 168 236 84 123 140 198 225 146 246 139 236 198 131 294 48 185 92 235 144 99 284 233 71 109 178 286 248 129 238 272 92 273 131 134 69 181 272 236 82 30 102 73 204 244 38 180 245 154 152 216 305 84 249 200 60 123 220 42 240 0 135 154 88 185 306 165 245 95 130 226 182 253 52 88 147 121 137 106 200 266 263 203 217 213 251 210 104 127 319 161 230 302 129 91 176 280 237 196
134 222 212 307 77 241 264 221 347 161 116 264 361 226 131 177 106 82 95 171 62 229 234 358 206 207 314 257 112 233 343 382 213 242 163 27 158 133 138 367 216 105 187 120 70 379 99 314 150 278 214 250 437 211 193 258 76 176 335 147 375 135 0 73 99 248 406 300 139 49 203 137 107 169 175 104 39 149 44 190 234 236 189 130 330 287 217 346 194 167 411 205 349 397 192 86 166 356 356 291
102 177 274 258 69 275 252 287 329 226 160 254 390 167 79 141 108 152 154 244 135 254 307 343 218 250 324 331 131 209 387 352 203 315 225 45 202 60 143 358 236 129 160 171 88 394 116 316 92 308 271 190 456 238 266 318 111 136 372 182 382 154 73 0 157 306 369 303 203 64 167 74 36 238 204 79 112 104 117 162 299 309 260 59 368 241 290 357 240 227 369 155 383 356 153 66 236 308 391 339
233 238 116 319 110 151 227 133 312 72 182 226 273 264 178 276 102 109 5 146 69 150 196 318 147 111 245 202 200 217 246 360 181 189 67 117 67 207 230 317 145 70 185 26 165 303 81 256 245 190 115 286 355 131 161 161 57 195 240 69 308 88 99 157 0 149 394 241 164 95 210 231 193 166 99 132 85 181 73 188 142 182 175 217 235 297 165 274 97 70 407 232 256 390 205 123 94 365 263 192
381 342 41 410 250 113 273 66 343 95 306 270 190 383 312 424 226 228 153 197 202 148 202 339 188 84 227 174 337 293 126 405 248 171 86 266 116 351 369 323 165 192 283 135 309 253 207 256 395 137 35 401 281 140 192 15 197 309 139 143 279 185 248 306 149 0 448 245 259 242 311 380 341 234 143 265 226 306 213 286 48 165 224 365 133 387 162 241 82 80 469 346 160 451 313 262 115 447 166 72
459 192 451 124 328 336 175 487 111 447 521 178 344 223 291 484 306 479 397 541 441 299 589 124 264 366 242 587 501 178 413 46 214 576 428 388 357 335 512 157 283 327 220 378 456 276 321 206 415 326 426 207 329 308 555 463 352 234 379 336 233 306 406 369 394 448 0 211 540 357 204 398 367 556 317 303 435 265 430 216 482 569 568 369 382 132 555 252 373 422 32 217 370 22 217 320 479 88 373 412
406 197 258 219 236 132 70 295 101 270 412 66 142 254 247 444 198 347 246 381 306 103 416 94 95 171 35 404 412 124 202 165 103 395 249 296 182 306 435 79 97 195 160 217 368 100 200 14 385 115 231 258 167 118 389 260 226 199 169 172 78 165 300 303 241 245 211 0 405 256 175 366 322 406 144 224 312 223 302 160 286 388 411 337 171 201 377 63 183 241 238 219 162 220 188 237 304 238 166 201
200 360 217 446 215 308 385 202 470 167 70 384 426 365 271 232 234 61 159 77 101 313 131 478 310 263 409 171 121 363 381 512 335 157 184 164 229 263 150 480 309 218 321 189 130 465 220 420 246 348 236 389 513 295 97 262 189 315 385 234 472 245 139 203 164 259 540 405 0 186 340 242 231 46 263 242 105 288 110 324 222 154 72 249 379 425 138 437 248 193 548 345 404 532 330 225 143 495 411 325
157 174 212 259 28 212 215 228 298 167 166 216 330 185 91 199 58 126 93 207 95 194 267 309 165 186 272 284 157 183 323 332 164 269 163 39 137 111 178 319 178 67 137 107 111 340 57 270 156 247 207 208 400 177 227 254 46 128 309 118 333 95 49 64 95 242 357 256 186 0 154 139 99 210 143 55 81 103 79 140 238 263 228 122 305 239 244 305 175 165 362 160 321 347 143 39 182 309 329 274
263 30 298 109 125 224 107 328 167 276 317 111 303 81 90 294 110 279 212 351 244 186 406 184 136 229 207 413 297 53 335 184 79 400 261 184 198 145 310 207 163 139 28 201 252 276 129 185 228 239 280 93 343 182 368 326 159 31 309 171 251 130 203 167 210 311 204 175 340 154 0 209 171 361 168 99 234 63 230 25 330 393 376 179 308 87 376 238 229 258 208 44 311 193 15 116 303 156 317 307
65 209 347 278 141 349 308 358 376 297 183 310 462 178 120 85 179 204 227 297 198 326 361 393 287 325 390 390 137 259 461 389 263 374 297 114 277 64 130 413 306 203 211 246 112 460 189 378 19 381 345 198 524 311 320 391 186 178 446 256 444 226 137 74 231 380 398 366 242 139 209 0 44 284 278 144 172 147 181 212 370 369 308 30 443 266 350 423 315 301 392 182 456 382 194 135 304 325 464 414
92 175 310 250 98 305 266 324 337 262 180 268 418 153 80 124 135 184 190 276 170 281 340 353 243 283 346 365 143 218 418 354 220 350 260 81 235 35 147 371 262 160 170 206 106 416 145 335 63 337 306 176 480 267 299 353 145 139 403 213 401 182 107 36 193 341 367 322 231 99 171 44 0 268 234 99 146 108 152 172 335 344 291 23 399 235 325 379 273 263 364 150 413 352 156 91 272 299 420 372
245 384 193 469 238 298 393 171 479 149 117 392 411 394 300 278 252 86 162 38 116 309 84 485 313 252 406 126 167 378 359 525 346 112 169 195 224 298 196 483 309 229 339 189 172 457 235 420 288 336 215 418 500 291 53 234 204 338 366 235 468 253 169 238 166 234 556 406 46 210 361 284 268 0 262 265 130 314 131 342 192 110 25 288 360 447 95 432 237 178 566 371 386 550 352 250 119 517 393 303
300 199 136 267 136 71 142 170 224 131 277 140 187 243 183 342 101 207 103 237 166 54 277 226 54 61 146 270 286 151 185 278 107 260 111 180 40 233 313 221 46 75 140 73 245 206 88 158 296 104 114 259 262 35 247 158 99 168 168 29 209 52 175 204 99 143 317 144 263 143 168 278 234 262 0 140 177 171 165 143 167 253 267 255 164 244 239 176 61 104 335 205 178 317 170 144 165 306 186 144
182 118 241 204 27 211 173 264 251 205 218 175 319 133 46 220 39 182 132 260 149 184 318 265 143 196 246 332 201 133 326 280 124 317 196 85 151 93 218 279 163 73 85 134 156 316 57 237 163 240 231 155 380 170 279 279 75 72 307 125 303 88 104 79 132 265 303 224 242 55 99 144 99 265 140 0 136 50 134 88 270 311 282 118 304 183 293 279 188 195 307 105 316 293 88 17 225 253 323 284
157 255 187 340 109 236 283 191 368 133 100 283 358 263 169 199 129 45 80 132 26 231 195 378 216 197 322 219 114 258 331 407 233 203 139 67 152 172 145 383 221 118 215 111 82 383 117 326 183 275 193 287 438 212 154 234 87 209 326 147 384 147 39 112 85 226 435 312 105 81 234 172 146 130 177 136 0 184 12 218 206 198 150 168 321 320 179 352 183 146 442 241 341 427 224 120 133 390 349 276
199 74 285 158 76 238 161 310 229 252 259 164 335 83 27 231 81 230 181 310 198 206 368 245 158 231 250 382 235 111 354 248 119 367 242 126 190 84 247 265 183 116 64 180 191 321 101 234 166 262 272 105 387 196 329 321 124 31 331 163 301 121 149 104 181 306 265 223 288 103 63 147 108 314 171 50 184 0 183 65 315 361 332 117 329 139 343 283 226 241 266 56 337 253 48 64 275 208 344 316
169 252 175 338 107 224 276 179 361 121 111 275 345 264 169 211 124 49 67 129 17 219 191 369 206 184 311 213 127 252 318 401 225 197 127 72 140 177 157 374 210 109 210 98 95 372 110 317 192 263 181 287 426 200 150 222 79 207 313 135 373 137 44 117 73 213 430 302 110 79 230 181 152 131 165 134 12 183 0 213 194 191 149 175 308 317 172 341 170 133 437 239 329 422 221 118 123 387 336 263
262 56 273 131 112 199 96 304 166 252 306 99 282 105 92 296 90 263 190 331 226 162 384 181 111 203 190 390 289 47 311 192 59 377 237 173 173 150 305 200 138 117 3 178 243 260 108 170 232 215 255 117 326 157 347 301 139 39 285 146 237 106 190 162 188 286 216 160 324 140 25 212 172 342 143 88 218 65 213 0 305 370 356 183 284 108 353 222 203 233 223 66 288 208 31 105 280 177 295 281
364 360 31 433 251 154 306 20 381 73 275 303 239 396 317 406 234 199 144 154 180 184 153 378 218 116 271 126 311 318 173 440 275 122 75 256 132 350 343 364 198 199 302 136 288 301 214 297 384 182 55 416 329 173 147 43 197 323 187 158 325 200 234 299 142 48 482 286 222 238 330 370 335 192 167 270 206 315 194 305 0 116 180 359 181 410 114 287 108 75 501 361 208 483 329 264 79 474 214 120
342 420 135 501 286 261 395 99 476 122 223 393 355 444 353 379 284 166 181 78 173 285 39 477 307 217 378 21 270 395 288 531 355 7 141 263 212 368 301 468 293 253 367 193 265 415 264 401 378 294 162 466 446 270 57 158 237 377 304 233 436 266 236 309 182 165 569 388 154 263 393 369 344 110 253 311 198 361 191 370 116 0 88 366 298 478 19 398 205 148 584 414 325 567 388 299 90 547 331 237
271 400 185 484 255 297 402 160 487 146 142 401 407 413 319 304 266 107 171 30 133 311 59 492 320 251 408 102 193 390 350 535 356 89 167 216 228 320 222 489 313 241 353 195 197 456 248 425 313 335 209 436 496 294 34 223 217 354 360 241 470 263 189 260 175 224 568 411 72 228 376 308 291 25 267 282 150 332 149 356 180 88 0 311 354 463 75 433 236 176 579 388 380 563 368 267 114 533 387 295
91 179 333 249 119 326 278 347 346 286 195 281 437 150 90 115 155 205 214 298 193 301 361 363 261 305 362 388 154 229 440 359 234 372 284 104 257 34 152 383 281 181 181 230 121 432 167 349 49 357 329 171 497 287 320 377 168 147 423 235 416 203 130 59 217 365 369 337 249 122 179 30 23 288 255 118 168 117 175 183 359 366 311 0 420 236 347 395 296 287 364 152 433 353 163 111 296 297 440 394
461 336 168 381 301 93 228 199 271 212 415 223 60 389 345 504 265 337 240 325 302 123 335 260 173 123 139 306 435 269 31 335 229 303 195 340 171 398 465 233 146 239 282 210 399 134 253 176 460 68 145 400 149 134 323 140 260 318 6 187 170 217 330 368 235 133 382 171 379 305 308 443 399 360 164 304 321 329 308 284 181 298 354 420 0 361 295 137 138 186 409 351 27 391 315 309 241 407 33 61
327 65 378 23 210 288 134 410 144 360 398 138 343 91 162 351 197 365 298 438 331 249 493 165 200 303 237 499 373 94 391 130 139 486 345 265 278 203 381 198 226 226 111 286 329 297 216 205 282 294 358 78 362 249 455 402 246 110 360 252 262 213 287 241 297 387 132 201 425 239 87 266 235 447 244 183 320 139 317 108 410 478 463 236 361 0 462 262 305 340 128 86 358 117 95 200 389 70 363 371
323 403 128 485 267 253 381 95 464 108 206 379 351 426 335 361 267 147 163 61 154 274 40 465 294 208 369 40 252 379 287 517 340 25 129 244 199 349 284 457 281 236 350 177 246 408 247 390 358 287 155 448 442 259 42 157 219 360 301 219 427 251 217 290 165 162 555 377 138 244 376 350 325 95 239 293 179 343 172 353 114 19 75 347 295 462 0 390 195 136 569 396 322 552 370 280 75 530 328 234
459 260 263 279 288 137 133 300 143 287 453 129 92 317 307 499 249 383 279 403 342 124 430 128 140 182 33 411 458 187 167 206 163 405 266 344 208 365 483 97 130 240 222 248 415 37 248 57 442 104 236 321 104 142 408 254 269 261 133 205 37 210 346 357 274 241 252 63 437 305 238 423 379 432 176 279 352 283 341 222 287 398 433 395 137 262 390 0 197 257 282 282 120 265 251 291 321 292 121 183
326 259 78 328 177 61 197 114 274 90 278 194 178 301 234 370 149 200 102 206 164 80 234 273 109 15 174 221 297 211 150 332 167 212 69 206 38 278 327 262 90 116 200 73 261 219 131 195 332 100 54 318 264 66 211 98 128 227 143 63 234 104 194 240 97 82 373 183 248 175 229 315 273 237 61 188 183 226 170 203 108 205 236 296 138 305 195 197 0 60 392 264 159 374 230 188 124 366 166 99
301 288 46 364 177 121 247 70 328 29 231 245 233 322 242 343 159 152 73 146 123 138 175 329 159 75 234 166 258 251 190 383 210 155 9 186 64 276 290 320 145 124 230 61 228 279 139 254 315 159 47 342 322 122 150 91 122 249 192 88 294 127 167 227 70 80 422 241 193 165 258 301 263 178 104 195 146 241 133 233 75 148 176 287 186 340 136 257 60 0 439 287 210 421 256 189 64 406 217 134
454 192 470 114 333 359 195 505 139 462 524 199 373 215 290 477 314 487 410 553 450 321 603 154 283 386 270 603 501 190 440 76 229 591 444 391 374 331 510 188 304 338 227 392 457 307 331 233 408 351 446 196 360 328 568 484 362 236 407 351 264 319 411 369 407 469 32 238 548 362 208 392 364 566 335 307 442 266 437 223 501 584 579 364 409 128 569 282 392 439 0 214 398 18 219 324 494 70 401 436
241 27 330 103 133 265 150 358 201 302 313 154 348 38 76 268 130 286 233 365 255 228 423 219 178 266 251 435 287 95 378 206 124 421 289 182 231 118 295 245 205 164 68 228 243 320 151 228 200 282 314 54 387 222 384 361 177 38 352 204 293 161 205 155 232 346 217 219 345 160 44 182 150 371 205 105 241 56 239 66 361 414 388 152 351 86 396 282 264 287 214 0 355 203 35 121 326 153 361 347
478 338 195 378 314 108 224 226 259 237 437 219 34 393 355 521 278 359 261 351 324 132 362 246 179 144 128 333 455 269 49 323 231 331 219 357 190 409 485 217 154 254 287 230 418 111 267 165 475 75 171 402 122 145 350 167 276 324 21 203 150 230 349 383 256 160 370 162 404 321 311 456 413 386 178 316 341 337 329 288 208 325 380 433 27 358 322 120 159 210 398 355 0 380 320 321 267 400 7 88
444 179 452 105 319 341 177 487 122 445 511 181 356 206 278 468 298 471 393 536 434 303 586 137 265 368 252 586 488 173 423 60 211 574 427 377 357 320 498 172 286 321 211 375 444 291 315 215 399 333 428 188 345 310 551 466 346 222 389 334 248 302 397 356 390 451 22 220 532 347 193 382 352 550 317 293 427 253 422 208 483 567 563 353 391 117 552 265 374 421 18 203 380 0 206 310 477 66 384 418
248 32 298 116 115 229 121 327 182 272 305 125 313 74 76 279 103 270 206 343 235 193 399 199 142 232 219 408 283 67 342 199 89 395 259 171 198 129 296 222 169 135 32 198 238 289 123 198 212 247 281 88 355 187 361 328 152 17 317 171 264 129 192 153 205 313 217 188 330 143 15 194 156 352 170 88 224 48 221 31 329 388 368 163 315 95 370 251 230 256 219 35 320 206 0 105 299 165 326 311
169 135 235 220 13 215 188 256 268 196 201 190 326 146 55 208 43 166 122 245 134 190 305 281 152 196 258 320 185 150 329 297 138 305 189 68 149 90 202 294 171 72 102 128 139 327 56 250 154 246 227 169 390 175 265 275 67 89 312 125 315 91 86 66 123 262 320 237 225 39 116 135 91 250 144 17 120 64 118 105 264 299 267 111 309 200 280 291 188 189 324 121 321 310 105 0 215 270 329 284
290 331 74 412 202 185 306 61 389 34 195 304 293 358 270 331 196 120 93 84 106 202 112 391 219 139 298 109 232 305 240 442 265 97 55 191 124 292 265 384 208 163 277 103 212 343 175 318 315 221 95 380 382 186 86 118 150 289 247 143 359 176 166 236 94 115 479 304 143 182 303 304 272 119 165 225 133 275 123 280 79 90 114 296 241 389 75 321 124 64 494 326 267 477 299 215 0 457 273 183
388 134 442 49 280 343 180 475 155 427 467 184 380 147 230 409 266 435 367 508 401 304 562 175 259 363 273 566 439 155 438 110 199 554 411 335 343 265 446 210 283 295 180 354 396 324 285 238 341 343 420 127 384 307 525 462 315 180 405 317 284 280 356 308 365 447 88 238 495 309 156 325 299 517 306 253 390 208 387 177 474 547 533 297 407 70 530 292 366 406 70 153 400 66 165 270 457 0 404 425
486 344 201 383 322 116 229 232 262 244 444 224 32 399 362 528 285 367 268 358 331 139 368 249 186 152 131 339 463 275 51 326 237 336 226 364 198 416 492 219 161 262 293 238 426 111 275 168 482 83 178 408 117 153 356 172 284 331 26 211 150 237 356 391 263 166 373 166 411 329 317 464 420 393 186 323 349 344 336 295 214 331 387 440 33 363 328 121 166 217 401 361 7 384 326 329 273 404 0 94
425 337 109 393 275 83 245 138 303 157 365 241 120 385 328 468 243 286 197 267 255 122 274 295 172 88 176 245 390 277 56 367 233 242 142 305 137 375 421 273 145 213 279 171 357 189 228 210 430 86 89 399 210 124 264 78 227 311 67 159 219 196 291 339 192 72 412 201 325 274 307 414 372 303 144 284 276 316 263 281 120 237 295 394 61 371 234 183 99 134 436 347 88 418 311 284 183 425 94 0
