10
19
5
20
18
21
19
17
17
13
11
19
7
16
13
14
12
13
19
23
21
18
12
22
11
8
23
12
11
21
12
17
19
11
17
13
17
15
23
7
5
11
13
12
5
11
18
13
19
23
20
10
14
13
20
6
22
23
8
24
7
8
16
11
20
8
12
15
20
13
6
8
24
8
20
12
11
22
10
22
6
15
13
6
13
9
23
21
21
24
22
16
13
7
16
14
11
6
18
19
8
6
22
22
11
9
8
8
23
21
6
5
13
9
24
13
9
17
8
14
13
13
13
13
21
16
20
14
19
23
7
22
13
17
12
6
14
10
17
20
19
19
24
15
10
17
21
18
23
6
20
15
16
23
8
14
19
13
18
17
9
10
14
18
11
13
9
9
15
19
13
15
23
19
9
9
9
17
6
23
19
24
9
11
9
10
11
19
9
22
12
6
23
10
19
16
15
19
17
