0 119 89 95 302 220 262 284 224 356 28 251 363 123 385 215 271 180 326 247 460 212 309 148 180 56 320 276 307 130 67 62 440 257 23 211 129 339 201 215 169 61 289 279 54 169 239 402 94 791 197 152 343 187 78 382 301 313 172 352 270 249 131 98 225 408 399 279 90 333 115 189 145 328 285 287 97 280 301 57 272 195 310 312 180 205 127 178 147 244 385 149 124 191 89 118 98 208 196 209 478
119 0 167 71 289 152 157 165 188 289 94 134 250 228 266 181 283 283 239 129 342 185 209 58 73 62 241 237 269 65 153 106 321 146 95 219 58 227 284 152 65 140 226 267 91 182 153 284 150 710 288 111 226 246 173 263 182 277 65 280 270 136 19 213 132 291 281 278 143 227 58 194 100 243 190 169 52 249 208 161 167 298 191 263 285 253 160 107 151 264 338 144 235 139 82 143 150 284 99 152 414
89 167 0 104 234 299 324 322 179 319 110 279 417 70 416 170 192 119 400 275 501 299 375 166 202 115 296 225 394 138 150 151 469 273 101 139 201 394 118 192 230 30 371 211 76 102 230 445 182 869 121 235 365 98 25 411 340 257 196 320 197 304 170 84 224 427 442 205 32 395 189 122 130 403 354 315 120 368 371 43 335 134 348 264 122 117 216 254 236 164 332 102 86 273 172 63 186 122 205 291 562
95 71 104 0 231 221 226 217 138 263 86 174 314 172 312 130 216 224 310 171 396 243 280 62 98 57 225 190 333 37 155 122 366 172 81 152 122 292 216 121 137 83 295 208 43 113 144 341 168 781 223 170 263 175 117 307 235 230 91 258 207 203 68 169 131 326 338 215 76 296 115 127 51 315 262 211 19 311 279 113 237 239 243 223 227 182 191 175 195 195 298 77 184 204 119 71 171 215 106 218 485
302 289 234 231 0 439 411 350 104 150 308 299 464 280 401 108 63 292 506 298 497 472 464 237 252 286 172 71 558 223 370 350 438 267 300 94 346 448 235 154 344 248 511 23 254 134 191 459 393 962 258 399 340 177 258 392 365 56 253 165 41 379 274 314 209 378 456 35 215 467 343 113 188 513 454 322 246 538 472 276 420 299 366 88 299 152 420 395 426 86 116 156 302 429 351 184 396 217 227 440 692
220 152 299 221 439 0 95 184 336 414 192 196 189 344 271 331 436 400 110 194 307 71 112 202 195 184 361 383 122 217 202 163 321 231 200 372 100 168 417 293 96 269 73 418 225 334 278 249 170 571 416 69 264 390 296 274 190 422 191 401 423 113 165 314 254 320 248 430 283 144 110 347 252 110 85 213 203 108 95 277 99 415 200 403 400 401 146 46 111 416 475 297 343 34 130 291 166 421 224 18 264
262 157 324 226 411 95 0 97 307 356 233 126 104 381 176 304 421 437 96 125 217 166 54 183 159 211 300 346 197 207 266 219 226 164 239 361 133 80 441 256 94 296 129 392 247 329 228 157 242 558 445 140 175 401 328 179 99 382 159 340 403 32 158 360 206 226 156 409 300 71 149 337 239 104 44 130 208 192 61 313 10 453 108 358 439 406 227 100 195 407 424 290 386 122 182 297 239 441 184 112 283
284 165 322 217 350 184 97 0 252 270 259 51 113 388 102 251 373 441 183 53 179 253 133 158 123 227 215 280 294 186 310 260 157 84 261 319 176 99 431 198 130 299 226 334 251 297 159 124 295 612 439 208 80 381 333 100 18 312 128 253 351 71 155 378 141 139 121 356 293 124 190 299 207 193 137 35 202 288 150 324 99 456 26 283 444 379 290 170 265 364 343 260 398 203 226 279 294 426 133 198 367
224 188 179 138 104 336 307 252 0 140 223 200 365 243 316 9 121 274 402 199 411 373 360 134 148 195 124 52 456 123 290 261 359 171 216 79 246 348 233 53 240 181 407 84 171 85 97 367 306 861 251 299 255 170 203 307 268 91 149 142 98 276 172 263 111 303 364 104 151 366 244 72 89 409 350 227 150 437 368 214 316 285 271 87 280 156 330 293 332 118 161 78 263 327 256 116 309 220 123 338 588
356 289 319 263 150 414 356 270 140 0 349 230 376 382 288 149 208 410 450 231 380 467 401 231 223 317 55 102 537 235 418 382 312 191 344 203 343 367 363 142 321 319 477 154 302 223 138 354 429 873 383 397 230 300 343 277 281 94 229 19 182 323 269 403 161 251 351 180 290 395 347 206 211 459 400 236 268 523 416 353 362 421 278 65 417 280 447 378 440 223 77 217 403 416 369 256 431 348 193 422 637
28 94 110 86 308 192 233 259 223 349 0 228 334 152 360 214 283 208 298 223 433 189 280 131 161 35 310 275 283 117 68 42 416 237 9 220 100 310 226 207 141 81 262 285 54 178 226 374 84 763 224 125 320 207 104 357 275 314 152 344 279 221 108 126 210 385 372 287 104 304 86 197 138 300 257 263 82 258 273 84 244 224 284 309 208 224 113 150 126 257 384 152 153 164 62 127 87 232 180 182 452
251 134 279 174 299 196 126 51 200 230 228 0 164 347 137 200 321 398 220 4 224 260 172 113 77 194 174 230 315 140 286 237 191 38 228 268 160 148 384 147 119 258 251 283 212 247 109 172 277 662 394 203 92 332 292 132 68 264 83 213 299 94 119 341 90 157 169 305 249 170 172 249 159 229 170 36 162 305 185 286 132 413 72 236 401 330 278 171 258 313 300 210 358 208 207 232 276 378 82 208 407
363 250 417 314 464 189 104 113 365 376 334 164 0 478 117 365 486 534 120 166 118 258 82 261 229 309 322 394 259 288 371 323 150 197 339 431 236 24 531 312 193 391 192 448 342 406 272 65 346 499 537 244 152 486 424 125 99 425 232 358 464 114 247 461 255 176 64 469 390 50 252 410 314 130 107 143 297 265 104 411 95 549 99 396 535 487 330 203 297 476 452 367 484 222 286 382 344 529 244 208 277
123 228 70 172 280 344 381 388 243 382 152 347 478 0 485 234 229 56 450 343 567 331 430 234 270 169 363 284 425 207 162 183 538 343 145 189 251 455 90 261 287 89 412 260 137 159 300 511 199 915 78 276 435 111 55 480 406 312 264 385 240 364 234 45 294 497 508 248 102 453 238 178 201 452 408 384 186 398 424 68 392 71 414 324 57 138 235 302 262 199 387 169 22 314 213 131 204 104 275 333 601
385 266 416 312 401 271 176 102 316 288 360 137 117 485 0 318 436 536 232 141 96 342 185 250 214 328 239 330 365 278 413 363 55 149 362 391 278 123 519 265 231 396 295 390 349 377 218 69 397 589 530 306 61 465 430 10 87 354 221 268 411 162 255 478 209 59 66 415 386 160 292 375 293 243 203 100 299 365 208 423 173 550 77 321 539 459 390 267 363 434 365 342 496 296 329 367 396 512 215 288 393
215 181 170 130 108 331 304 251 9 149 214 200 365 234 318 0 121 266 399 198 413 366 358 128 144 187 131 60 450 116 281 253 362 172 207 74 239 347 226 53 235 172 402 88 162 77 99 368 298 859 243 292 257 163 194 309 268 100 145 151 99 273 166 254 111 307 365 105 142 364 237 65 82 406 347 227 142 430 364 205 314 277 271 96 272 150 322 287 324 115 170 69 254 321 248 107 301 213 121 332 584
271 283 192 216 63 436 421 373 121 208 283 321 486 229 436 121 0 234 514 319 532 460 475 239 262 267 222 114 550 219 338 325 477 293 274 64 338 468 174 174 344 212 509 54 229 105 218 489 365 978 197 387 375 119 216 427 389 115 261 221 27 391 271 266 232 420 486 28 181 483 332 89 184 520 462 348 234 528 480 235 431 240 392 144 241 93 396 390 407 29 179 139 251 420 333 155 369 156 241 434 696
180 283 119 224 292 400 437 441 274 410 208 398 534 56 536 266 234 0 507 394 620 385 487 285 321 225 397 309 479 257 214 239 588 391 201 208 308 510 64 300 343 143 468 274 192 188 342 564 251 971 42 332 484 115 109 530 459 332 315 416 251 420 288 92 339 544 561 257 149 509 294 204 246 508 464 435 239 451 481 124 448 15 467 349 7 140 288 359 316 206 405 207 60 370 270 173 256 83 323 389 656
326 239 400 310 506 110 96 183 402 450 298 220 120 450 232 399 514 507 0 219 234 162 50 274 254 284 394 442 140 296 313 272 270 258 305 452 199 108 518 352 173 370 76 487 324 419 324 185 280 470 520 179 251 485 399 239 178 479 253 434 497 128 245 422 302 290 185 504 380 72 212 428 330 10 52 218 291 150 35 382 88 522 185 454 507 493 254 147 219 498 520 380 450 144 238 382 276 521 280 126 187
247 129 275 171 298 194 125 53 199 231 223 4 166 343 141 198 319 394 219 0 227 257 172 109 73 190 175 229 312 136 282 233 195 39 224 266 156 149 380 145 115 254 249 282 208 244 108 175 273 663 390 199 96 329 288 136 71 263 79 215 297 92 115 337 88 161 172 303 245 170 168 246 155 228 169 40 158 302 185 281 131 409 75 236 398 327 274 167 254 311 300 207 354 205 202 228 272 375 80 205 407
460 342 501 396 497 307 217 179 411 380 433 224 118 567 96 413 532 620 234 227 0 377 200 336 300 404 333 426 375 364 478 429 73 242 436 486 341 139 608 360 295 478 308 487 430 469 314 59 457 508 618 357 157 556 512 105 161 450 306 360 507 216 334 556 303 132 62 511 472 168 356 469 383 243 225 189 381 382 222 503 209 635 153 417 623 552 444 316 412 529 457 434 577 338 393 456 454 603 306 325 357
212 185 299 243 472 71 166 253 373 467 189 260 258 331 342 366 460 385 162 257 377 0 177 241 243 194 415 422 94 250 173 149 393 292 198 395 127 237 413 336 146 270 94 450 234 355 328 320 136 591 408 73 333 396 290 345 261 462 238 455 451 183 202 294 305 390 318 458 291 210 129 371 284 157 151 280 227 69 157 269 170 400 271 447 384 411 103 90 70 437 522 321 325 52 129 307 131 420 273 54 271
309 209 375 280 464 112 54 133 360 401 280 172 82 430 185 358 475 487 50 172 200 177 0 237 213 261 345 398 180 261 306 261 228 210 286 415 179 64 493 309 144 347 111 445 298 384 278 146 278 503 496 174 201 455 378 191 127 433 213 384 457 84 212 407 257 242 145 463 353 32 194 392 293 60 26 168 261 183 22 362 44 502 135 407 488 461 257 135 222 461 472 345 433 146 225 351 274 494 237 129 235
148 58 166 62 237 202 183 158 134 231 131 113 261 234 250 128 239 285 274 109 336 241 237 0 36 96 185 181 322 27 198 155 303 110 129 178 115 239 273 94 107 145 274 216 102 147 97 282 201 741 281 168 200 225 180 245 176 221 30 222 223 155 39 231 79 264 279 230 135 249 116 154 55 280 223 149 52 303 241 175 193 300 182 206 288 226 216 159 209 224 281 108 246 194 137 121 203 269 48 204 457
180 73 202 98 252 195 159 123 148 223 161 77 229 270 214 144 262 321 254 73 300 243 213 36 0 125 172 190 317 63 225 179 267 76 159 203 121 209 308 99 99 181 263 232 137 176 85 247 223 716 317 174 165 258 216 209 141 228 8 212 243 129 54 266 62 228 244 250 171 221 127 181 85 261 202 113 86 301 219 210 169 336 147 208 324 258 233 155 221 249 280 138 282 193 155 156 224 303 30 200 440
56 62 115 57 286 184 211 227 195 317 35 194 309 169 328 187 267 225 284 190 404 194 261 96 125 0 276 248 287 83 102 65 383 202 34 203 85 286 234 175 117 86 257 263 41 162 191 346 112 754 235 124 286 206 116 325 244 287 117 311 260 195 74 152 175 351 343 268 99 283 73 179 107 287 239 230 49 262 256 101 222 241 253 280 227 218 134 139 140 243 355 131 174 160 66 113 114 237 144 177 448
320 241 296 225 172 361 300 215 124 55 310 174 322 363 239 131 222 397 394 175 333 415 345 185 172 276 0 107 483 193 379 340 269 135 306 200 294 312 357 105 269 291 422 168 266 209 88 303 386 820 375 346 179 294 318 228 225 119 179 40 194 268 222 378 110 208 300 195 265 339 298 196 176 403 345 180 227 469 360 325 306 409 223 85 403 278 401 326 393 230 129 194 382 364 323 232 388 344 143 368 581
276 237 225 190 71 383 346 280 52 102 275 230 394 284 330 60 114 309 442 229 426 422 398 181 190 248 107 0 504 173 342 313 368 197 268 101 295 379 261 90 286 230 452 62 223 124 121 388 359 893 281 349 268 198 250 321 295 40 192 111 87 314 220 309 141 308 385 88 199 400 294 106 141 450 390 251 202 485 407 262 354 319 296 40 315 178 382 340 383 124 109 127 305 376 308 164 361 246 162 386 629
307 269 394 333 558 122 197 294 456 537 283 315 259 425 365 450 550 479 140 312 375 94 180 322 317 287 483 504 0 334 265 244 408 351 292 485 212 244 508 414 218 364 69 536 328 446 400 325 228 505 502 163 371 490 385 370 295 543 313 523 539 224 284 387 377 419 324 547 385 209 217 460 370 131 162 326 315 28 157 363 196 493 304 525 477 505 192 163 162 528 598 411 419 129 222 399 223 515 347 118 183
130 65 138 37 223 217 207 186 123 235 117 140 288 207 278 116 219 257 296 136 364 250 261 27 63 83 193 173 334 0 185 147 330 135 112 156 123 266 245 93 125 119 290 201 79 122 109 310 193 765 253 176 227 197 153 272 204 214 57 228 205 180 52 206 95 289 307 213 108 274 121 132 35 302 246 177 34 314 263 150 217 272 210 202 261 200 212 172 210 202 278 83 220 205 135 94 195 241 69 217 476
67 153 150 155 370 202 266 310 290 418 68 286 371 162 413 281 338 214 313 282 478 173 306 198 225 102 379 342 265 185 0 49 468 300 74 278 136 347 249 276 182 126 261 346 119 237 294 418 37 764 241 133 378 247 132 411 325 380 216 413 338 261 170 122 277 442 415 346 156 334 121 256 206 312 280 320 151 238 293 109 276 228 335 377 212 267 73 170 103 311 451 216 153 168 85 186 42 260 246 187 445
62 106 151 122 350 163 219 260 261 382 42 237 323 183 363 253 325 239 272 233 429 149 261 155 179 65 340 313 244 147 49 0 418 253 52 263 87 299 263 240 133 122 229 326 96 220 253 369 46 732 259 94 329 249 141 361 276 353 171 376 321 212 124 150 235 393 367 329 147 288 72 239 173 273 236 271 114 218 250 119 229 253 286 346 238 266 70 126 84 300 421 193 180 131 36 170 48 270 202 151 417
440 321 469 366 438 321 226 157 359 312 416 191 150 538 55 362 477 588 270 195 73 393 228 303 267 383 269 368 408 330 468 418 0 198 417 436 333 163 569 309 287 449 339 429 404 425 263 87 452 582 581 360 106 513 483 58 143 387 274 292 451 215 310 532 256 61 86 454 438 198 347 421 344 281 248 154 353 411 251 477 222 603 132 354 592 507 445 320 417 477 388 392 550 348 384 418 451 562 266 338 416
257 146 273 172 267 231 164 84 171 191 237 38 197 343 149 172 293 391 258 39 242 292 210 110 76 202 135 197 351 135 300 253 198 0 236 244 184 183 371 118 147 255 288 252 213 228 76 196 295 696 383 230 92 315 289 141 98 228 84 175 270 132 129 342 61 153 192 275 241 206 193 226 145 268 209 55 163 340 224 285 170 405 99 200 395 310 301 202 284 288 262 193 356 240 226 220 295 364 67 241 445
23 95 101 81 300 200 239 261 216 344 9 228 339 145 362 207 274 201 305 224 436 198 286 129 159 34 306 268 292 112 74 52 417 236 0 211 107 315 218 202 145 72 270 277 46 169 222 378 92 771 216 134 321 198 95 359 278 307 151 339 270 225 108 121 207 385 375 279 95 310 93 188 132 307 263 264 79 267 279 77 249 216 287 303 202 214 122 157 136 248 377 144 147 172 71 118 96 223 177 190 461
211 219 139 152 94 372 361 319 79 203 220 268 431 189 391 74 64 208 452 266 486 395 415 178 203 203 200 101 485 156 278 263 436 244 211 0 274 412 159 126 281 154 445 72 166 42 173 439 304 919 179 323 331 96 164 383 337 124 202 211 59 332 208 220 183 382 436 67 122 425 268 24 122 458 401 298 170 463 419 181 371 217 340 140 215 78 333 326 343 46 198 74 210 356 269 93 307 145 186 370 633
129 58 201 122 346 100 133 176 246 343 100 160 236 251 278 239 338 308 199 156 341 127 179 115 121 85 294 295 212 123 136 87 333 184 107 274 0 212 320 209 46 171 174 324 126 235 206 281 119 668 320 53 249 289 200 277 190 335 115 333 327 125 75 227 184 313 279 334 183 204 15 249 158 202 156 191 104 191 172 183 144 324 200 321 309 300 117 54 100 317 396 199 254 82 51 191 117 322 151 96 364
339 227 394 292 448 168 80 99 348 367 310 148 24 455 123 347 468 510 108 149 139 237 64 239 209 286 312 379 244 266 347 299 163 183 315 412 212 0 509 295 169 367 175 432 318 385 257 82 323 514 514 220 149 464 400 130 86 411 211 349 447 90 224 437 238 181 81 452 368 36 227 390 294 119 87 131 274 248 87 387 71 526 89 382 512 466 306 180 274 457 441 347 461 199 262 360 320 507 226 186 277
201 284 118 216 235 417 441 431 233 363 226 384 531 90 519 226 174 64 518 380 608 413 493 273 308 234 357 261 508 245 249 263 569 371 218 159 320 509 0 268 348 148 488 219 195 150 313 555 285 988 23 352 463 63 122 512 449 279 302 371 194 420 284 135 314 521 552 200 140 512 307 161 225 522 473 419 234 481 490 144 452 66 455 299 71 84 322 373 346 149 350 178 106 390 289 152 290 19 304 408 679
215 152 192 121 154 293 256 198 53 142 207 147 312 261 265 53 174 300 352 145 360 336 309 94 99 175 105 90 414 93 276 240 309 118 202 126 209 295 268 0 197 186 362 137 161 118 46 315 287 808 283 263 204 208 214 256 215 129 102 137 152 225 134 273 57 256 311 157 160 313 210 112 70 360 300 174 126 397 317 219 265 313 217 111 305 198 306 251 302 169 186 93 279 287 228 129 289 257 72 297 539
169 65 230 137 344 96 94 130 240 321 141 119 193 287 231 235 344 343 173 115 295 146 144 107 99 117 269 286 218 125 182 133 287 147 145 281 46 169 348 197 0 202 166 323 154 246 183 235 165 644 351 83 205 312 234 231 144 326 95 309 330 80 72 267 160 267 233 337 208 165 61 257 160 178 125 147 118 201 142 219 104 359 154 307 345 319 161 56 138 327 380 208 292 94 98 209 164 349 129 100 351
61 140 30 83 248 269 296 299 181 319 81 258 391 89 396 172 212 143 370 254 478 270 347 145 181 86 291 230 364 119 126 122 449 255 72 154 171 367 148 186 202 0 341 225 48 114 219 422 155 839 149 205 346 126 34 390 317 265 175 319 213 277 144 88 210 409 419 222 32 367 159 134 119 373 325 295 96 339 342 33 307 158 325 268 145 144 189 225 207 184 339 103 100 243 142 66 160 152 188 261 532
289 226 371 295 511 73 129 226 407 477 262 251 192 412 295 402 509 468 76 249 308 94 111 274 263 257 422 452 69 290 261 229 339 288 270 445 174 175 488 362 166 341 0 490 298 408 343 257 226 503 486 136 303 463 366 300 227 491 260 463 496 158 238 379 320 350 256 503 356 141 183 421 325 69 92 259 277 73 88 346 127 482 236 471 467 474 195 119 160 490 541 371 409 98 199 365 221 493 292 79 191
279 267 211 208 23 418 392 334 84 154 285 283 448 260 390 88 54 274 487 282 487 450 445 216 232 263 168 62 536 201 346 326 429 252 277 72 324 432 219 137 323 225 490 0 230 110 176 446 369 945 241 376 329 159 236 381 350 62 233 166 27 361 252 292 193 370 443 27 192 450 321 90 166 494 435 307 223 516 452 253 401 282 352 89 281 135 397 373 403 72 131 132 282 406 328 161 372 202 208 419 672
54 91 76 43 254 225 247 251 171 302 54 212 342 137 349 162 229 192 324 208 430 234 298 102 137 41 266 223 328 79 119 96 404 213 46 166 126 318 195 161 154 48 298 230 0 124 187 373 138 794 197 165 302 164 82 345 269 261 130 298 225 228 96 128 174 366 370 233 58 318 115 143 90 327 278 249 50 303 295 73 258 207 277 258 194 177 167 180 177 205 332 98 146 202 105 74 142 196 148 219 489
169 182 102 113 134 334 329 297 85 223 178 247 406 159 377 77 105 188 419 244 469 355 384 147 176 162 209 124 446 122 237 220 425 228 169 42 235 385 150 118 246 114 408 110 124 0 164 420 261 888 167 282 318 89 127 369 315 155 173 227 101 302 173 185 168 374 416 109 81 396 228 20 91 424 368 280 131 423 386 142 340 200 320 164 194 82 291 288 301 82 230 39 180 317 228 51 265 139 164 331 597
239 153 230 144 191 278 228 159 97 138 226 109 272 300 218 99 218 342 324 108 314 328 278 97 85 191 88 121 400 109 294 253 263 76 222 173 206 257 313 46 183 219 343 176 187 164 0 270 299 771 327 259 158 254 250 210 174 155 91 127 194 195 133 308 23 210 267 199 197 278 210 159 100 333 273 131 143 385 289 252 236 355 175 129 347 245 313 240 304 215 198 135 316 278 235 169 300 303 55 284 512
402 284 445 341 459 249 157 124 367 354 374 172 65 511 69 368 489 564 185 175 59 320 146 282 247 346 303 388 325 310 418 369 87 196 378 439 281 82 555 315 235 422 257 446 373 420 270 0 397 520 563 298 124 504 456 80 106 415 252 334 465 156 277 498 257 125 3 470 417 115 297 421 331 195 169 141 325 330 169 445 150 579 100 383 567 502 384 257 353 483 431 383 519 279 333 403 395 550 255 267 330
94 150 182 168 393 170 242 295 306 429 84 277 346 199 397 298 365 251 280 273 457 136 278 201 223 112 386 359 228 193 37 46 452 295 92 304 119 323 285 287 165 155 226 369 138 261 299 397 0 727 278 103 368 279 166 396 309 398 215 422 363 241 169 159 280 431 395 371 184 307 106 281 219 279 251 309 160 200 264 144 251 265 320 392 249 299 36 143 66 339 467 237 191 136 70 210 5 295 248 155 408
791 710 869 781 962 571 558 612 861 873 763 662 499 915 589 859 978 971 470 663 508 591 503 741 716 754 820 893 505 765 764 732 582 696 771 919 668 514 988 808 644 839 503 945 794 888 771 520 727 0 988 639 643 956 867 599 598 925 717 854 959 586 715 882 752 638 523 965 851 495 680 896 797 466 519 643 762 533 502 848 548 986 599 895 970 963 694 614 660 965 949 849 912 600 701 853 722 991 737 581 322
197 288 121 223 258 416 445 439 251 383 224 394 537 78 530 243 197 42 520 390 618 408 496 281 317 235 375 281 502 253 241 259 581 383 216 179 320 514 23 283 351 149 486 241 197 167 327 563 278 988 0 350 475 83 120 524 458 301 311 390 216 425 290 122 327 534 560 222 146 516 307 179 237 522 475 429 240 476 492 140 456 43 464 320 49 106 314 373 340 171 372 192 92 388 286 162 282 42 315 407 676
152 111 235 170 399 69 140 208 299 397 125 203 244 276 306 292 387 332 179 199 357 73 174 168 174 124 346 349 163 176 133 94 360 230 134 323 53 220 352 263 83 205 136 376 165 282 259 298 103 639 350 0 286 329 229 307 219 389 167 386 377 144 129 244 236 347 296 385 223 203 55 298 210 179 147 229 153 140 160 209 149 347 230 374 331 342 86 40 57 365 449 248 274 38 63 236 100 357 203 57 327
343 226 365 263 340 264 175 80 255 230 320 92 152 435 61 257 375 484 251 96 157 333 201 200 165 286 179 268 371 227 378 329 106 92 321 331 249 149 463 204 205 346 303 329 302 318 158 124 368 643 475 286 0 407 380 52 76 293 172 211 350 151 212 431 150 64 120 353 334 183 262 315 238 262 212 58 252 367 221 375 176 498 67 260 487 401 366 249 343 373 307 285 447 283 297 313 367 456 160 279 427
187 246 98 175 177 390 401 381 170 300 207 332 486 111 465 163 119 115 485 329 556 396 455 225 258 206 294 198 490 197 247 249 513 315 198 96 289 464 63 208 312 126 463 159 164 89 254 504 279 956 83 329 407 0 114 457 399 218 254 307 135 377 242 153 257 463 501 142 106 471 279 98 173 489 437 366 194 465 454 137 412 123 404 237 122 26 314 344 333 91 290 122 133 366 267 104 284 50 250 383 654
78 173 25 117 258 296 328 333 203 343 104 292 424 55 430 194 216 109 399 288 512 290 378 180 216 116 318 250 385 153 132 141 483 289 95 164 200 400 122 214 234 34 366 236 82 127 250 456 166 867 120 229 380 114 0 425 351 282 209 344 221 310 178 60 243 443 453 229 53 399 187 147 150 402 356 329 131 359 372 22 339 125 359 289 111 136 202 252 224 187 357 126 67 268 166 87 171 129 222 286 556
382 263 411 307 392 274 179 100 307 277 357 132 125 480 10 309 427 530 239 136 105 345 191 245 209 325 228 321 370 272 411 361 58 141 359 383 277 130 512 256 231 390 300 381 345 369 210 80 396 599 524 307 52 457 425 0 87 344 216 257 402 163 251 473 201 51 77 406 380 167 291 367 287 249 208 95 294 370 214 418 177 545 77 311 533 452 390 268 364 425 354 335 491 298 327 361 395 505 208 290 402
301 182 340 235 365 190 99 18 268 281 275 68 99 406 87 268 389 459 178 71 161 261 127 176 141 244 225 295 295 204 325 276 143 98 278 337 190 86 449 215 144 317 227 350 269 315 174 106 309 598 458 219 76 399 351 87 0 326 146 263 367 77 173 396 157 129 102 372 311 115 204 317 225 188 136 45 220 291 146 342 99 474 10 297 462 397 303 180 276 382 355 278 416 212 241 297 308 444 151 206 359
313 277 257 230 56 422 382 312 91 94 314 264 425 312 354 100 115 332 479 263 450 462 433 221 228 287 119 40 543 214 380 353 387 228 307 124 335 411 279 129 326 265 491 62 261 155 155 415 398 925 301 389 293 218 282 344 326 0 231 108 89 350 260 341 176 327 412 87 233 434 335 135 181 487 427 282 242 525 444 296 391 341 326 33 339 195 422 380 423 133 74 164 334 415 348 199 401 263 200 425 666
172 65 196 91 253 191 159 128 149 229 152 83 232 264 221 145 261 315 253 79 306 238 213 30 8 117 179 192 313 57 216 171 274 84 151 202 115 211 302 102 95 175 260 233 130 173 91 252 215 717 311 167 172 254 209 216 146 231 0 218 243 130 46 259 68 236 249 250 165 223 120 179 82 260 201 120 79 296 219 203 169 330 152 212 318 254 225 150 214 248 285 135 275 188 148 151 216 298 35 195 438
352 280 320 258 165 401 340 253 142 19 344 213 358 385 268 151 221 416 434 215 360 455 384 222 212 311 40 111 523 228 413 376 292 175 339 211 333 349 371 137 309 319 463 166 298 227 127 334 422 854 390 386 211 307 344 257 263 108 218 0 194 307 260 404 149 231 331 193 291 377 337 211 207 443 384 218 262 510 399 352 346 426 259 77 422 289 439 366 431 234 96 218 405 404 360 257 424 356 182 409 620
270 270 197 207 41 423 403 351 98 182 279 299 464 240 411 99 27 251 497 297 507 451 457 223 243 260 194 87 539 205 338 321 451 270 270 59 327 447 194 152 330 213 496 27 225 101 194 465 363 959 216 377 350 135 221 402 367 89 243 194 0 373 257 275 210 394 462 8 181 463 322 82 170 504 445 325 223 517 463 239 413 258 369 117 258 110 392 378 401 45 156 129 262 409 326 152 366 176 221 422 680
249 136 304 203 379 113 32 71 276 323 221 94 114 364 162 273 391 420 128 92 216 183 84 155 129 195 268 314 224 180 261 212 215 132 225 332 125 90 420 225 80 277 158 361 228 302 195 156 241 586 425 144 151 377 310 163 77 350 130 307 373 0 135 347 173 207 154 379 279 93 140 309 211 137 77 102 185 217 93 297 40 435 87 325 422 381 230 104 201 378 392 263 370 135 176 273 239 418 152 128 316
131 19 170 68 274 165 158 155 172 269 108 119 247 234 255 166 271 288 245 115 334 202 212 39 54 74 222 220 284 52 170 124 310 129 108 208 75 224 284 134 72 144 238 252 96 173 133 277 169 715 290 129 212 242 178 251 173 260 46 260 257 135 0 223 113 276 274 265 143 228 77 184 87 250 195 156 50 265 213 169 169 303 181 245 290 248 180 121 171 254 320 135 242 155 101 138 169 283 80 166 424
98 213 84 169 314 314 360 378 263 403 126 341 461 45 478 254 266 92 422 337 556 294 407 231 266 152 378 309 387 206 122 150 532 342 121 220 227 437 135 273 267 88 379 292 128 185 308 498 159 882 122 244 431 153 60 473 396 341 259 404 275 347 223 0 299 495 495 282 113 431 212 205 207 423 383 378 179 360 398 56 371 105 404 348 89 178 195 274 225 237 415 186 31 282 184 147 164 149 276 301 565
225 132 224 131 209 254 206 141 111 161 210 90 255 294 209 111 232 339 302 88 303 305 257 79 62 175 110 141 377 95 277 235 256 61 207 183 184 238 314 57 160 210 320 193 174 168 23 257 280 752 327 236 150 257 243 201 157 176 68 149 210 173 113 299 0 206 253 215 192 258 189 166 93 310 250 116 128 362 267 243 214 353 159 152 344 250 293 217 283 226 221 136 309 254 215 166 281 306 33 261 489
408 291 427 326 378 320 226 139 303 251 385 157 176 497 59 307 420 544 290 161 132 390 242 264 228 351 208 308 419 289 442 393 61 153 385 382 313 181 521 256 267 409 350 370 366 374 210 125 431 638 534 347 64 463 443 51 129 327 236 231 394 207 276 495 206 0 123 396 395 218 325 369 298 300 257 122 315 418 264 439 225 559 119 293 549 455 429 309 404 421 327 343 510 342 361 372 430 513 221 335 452
399 281 442 338 456 248 156 121 364 351 372 169 64 508 66 365 486 561 185 172 62 318 145 279 244 343 300 385 324 307 415 367 86 192 375 436 279 81 552 311 233 419 256 443 370 416 267 3 395 523 560 296 120 501 453 77 102 412 249 331 462 154 274 495 253 123 0 466 414 114 294 417 328 195 168 137 322 329 168 442 149 576 96 380 564 499 382 255 351 480 428 380 516 278 330 400 392 547 252 266 332
279 278 205 215 35 430 409 356 104 180 287 305 469 248 415 105 28 257 504 303 511 458 463 230 250 268 195 88 547 213 346 329 454 275 279 67 334 452 200 157 337 222 503 27 233 109 199 470 371 965 222 385 353 142 229 406 372 87 250 193 8 379 265 282 215 396 466 0 190 469 330 90 177 510 452 330 231 525 469 248 419 264 374 116 265 117 400 385 409 51 151 137 270 417 334 160 375 182 227 430 687
90 143 32 76 215 283 300 293 151 290 104 249 390 102 386 142 181 149 380 245 472 291 353 135 171 99 265 199 385 108 156 147 438 241 95 122 183 368 140 160 208 32 356 192 58 81 197 417 184 851 146 223 334 106 53 380 311 233 165 291 181 279 143 113 192 395 414 190 0 371 173 102 98 384 333 285 93 360 351 63 311 164 318 237 153 119 216 238 231 154 308 73 118 260 162 34 188 140 173 277 548
333 227 395 296 467 144 71 124 366 395 304 170 50 453 160 364 483 509 72 170 168 210 32 249 221 283 339 400 209 274 334 288 198 206 310 425 204 36 512 313 165 367 141 450 318 396 278 115 307 495 516 203 183 471 399 167 115 434 223 377 463 93 228 431 258 218 114 469 371 0 219 402 304 83 59 159 278 215 54 384 60 524 120 406 510 475 287 164 254 471 468 357 457 177 251 366 304 511 242 162 244
115 58 189 115 343 110 149 190 244 347 86 172 252 238 292 237 332 294 212 168 356 129 194 116 127 73 298 294 217 121 121 72 347 193 93 268 15 227 307 210 61 159 183 321 115 228 210 297 106 680 307 55 262 279 187 291 204 335 120 337 322 140 77 212 189 325 294 330 173 219 0 243 155 214 170 203 98 195 186 169 159 309 214 321 295 291 107 65 94 310 397 193 239 88 36 183 104 311 155 104 374
189 194 122 127 113 347 337 299 72 206 197 249 410 178 375 65 89 204 428 246 469 371 392 154 181 179 196 106 460 132 256 239 421 226 188 24 249 390 161 112 257 134 421 90 143 20 159 421 281 896 179 298 315 98 147 367 317 135 179 211 82 309 184 205 166 369 417 90 102 402 243 0 98 434 378 280 145 438 395 163 348 214 321 146 210 86 310 301 319 69 210 50 199 331 244 70 284 148 166 345 608
145 100 130 51 188 252 239 207 89 211 138 159 314 201 293 82 184 246 330 155 383 284 293 55 85 107 176 141 370 35 206 173 344 145 132 122 158 294 225 70 160 119 325 166 90 91 100 331 219 797 237 210 238 173 150 287 225 181 82 207 170 211 87 207 93 298 328 177 98 304 155 98 0 336 279 193 60 349 296 152 249 260 231 172 251 172 241 207 242 168 248 52 216 240 166 74 222 219 78 252 511
328 243 403 315 513 110 104 193 409 459 300 229 130 452 243 406 520 508 10 228 243 157 60 280 261 287 403 450 131 302 312 273 281 268 307 458 202 119 522 360 178 373 69 494 327 424 333 195 279 466 522 179 262 489 402 249 188 487 260 443 504 137 250 423 310 300 195 510 384 83 214 434 336 0 59 228 296 142 43 384 97 524 195 462 508 497 252 149 217 504 529 386 452 144 239 387 275 524 287 124 179
285 190 354 262 454 85 44 137 350 400 257 170 107 408 203 347 462 464 52 169 225 151 26 223 202 239 345 390 162 246 280 236 248 209 263 401 156 87 473 300 125 325 92 435 278 368 273 169 251 519 475 147 212 437 356 208 136 427 201 384 445 77 195 383 250 257 168 452 333 59 170 378 279 59 0 172 243 162 17 339 38 480 144 402 465 443 230 110 196 447 469 329 410 119 200 333 248 474 228 103 239
287 169 315 211 322 213 130 35 227 236 263 36 143 384 100 227 348 435 218 40 189 280 168 149 113 230 180 251 326 177 320 271 154 55 264 298 191 131 419 174 147 295 259 307 249 280 131 141 309 643 429 229 58 366 329 95 45 282 120 218 325 102 156 378 116 122 137 330 285 159 203 280 193 228 172 0 198 319 185 322 134 449 44 252 438 363 308 194 285 342 309 244 395 229 239 267 308 413 116 226 402
97 52 120 19 246 203 208 202 150 268 82 162 297 186 299 142 234 239 291 158 381 227 261 52 86 49 227 202 315 34 151 114 353 163 79 170 104 274 234 126 118 96 277 223 50 131 143 325 160 762 240 153 252 194 131 294 220 242 79 262 223 185 50 179 128 315 322 231 93 278 98 145 60 296 243 198 0 294 260 124 218 254 228 232 241 201 181 157 182 213 308 95 196 186 106 90 162 233 99 200 466
280 249 368 311 538 108 192 288 437 523 258 305 265 398 365 430 528 451 150 302 382 69 183 303 301 262 469 485 28 314 238 218 411 340 267 463 191 248 481 397 201 339 73 516 303 423 385 330 200 533 476 140 367 465 359 370 291 525 296 510 517 217 265 360 362 418 329 525 360 215 195 438 349 142 162 319 294 0 161 337 193 465 301 508 450 480 164 145 135 505 581 388 391 109 198 376 195 489 331 101 211
301 208 371 279 472 95 61 150 368 416 273 185 104 424 208 364 480 481 35 185 222 157 22 241 219 256 360 407 157 263 293 250 251 224 279 419 172 87 490 317 142 342 88 452 295 386 289 169 264 502 492 160 221 454 372 214 146 444 219 399 463 93 213 398 267 264 168 469 351 54 186 395 296 43 17 185 260 161 0 356 53 496 154 419 481 461 241 124 206 465 485 347 426 129 215 351 260 491 245 112 222
57 161 43 113 276 277 313 324 214 353 84 286 411 68 423 205 235 124 382 281 503 269 362 175 210 101 325 262 363 150 109 119 477 285 77 181 183 387 144 219 219 33 346 253 73 142 252 445 144 848 140 209 375 137 22 418 342 296 203 352 239 297 169 56 243 439 442 248 63 384 169 163 152 384 339 322 124 337 356 0 324 140 350 301 125 158 179 234 202 207 371 135 73 248 146 97 148 152 219 267 536
272 167 335 237 420 99 10 99 316 362 244 132 95 392 173 314 431 448 88 131 209 170 44 193 169 222 306 354 196 217 276 229 222 170 249 371 144 71 452 265 104 307 127 401 258 340 236 150 251 548 456 149 176 412 339 177 99 391 169 346 413 40 169 371 214 225 149 419 311 60 159 348 249 97 38 134 218 193 53 324 0 464 108 365 449 417 235 108 203 417 431 301 396 128 192 308 248 452 193 117 276
195 298 134 239 299 415 453 456 285 421 224 413 549 71 550 277 240 15 522 409 635 400 502 300 336 241 409 319 493 272 228 253 603 405 216 217 324 526 66 313 359 158 482 282 207 200 355 579 265 986 43 347 498 123 125 545 474 341 330 426 258 435 303 105 353 559 576 264 164 524 309 214 260 524 480 449 254 465 496 140 464 0 482 358 15 147 301 374 330 213 413 220 74 385 285 186 270 85 337 404 670
310 191 348 243 366 200 108 26 271 278 284 72 99 414 77 271 392 467 185 75 153 271 135 182 147 253 223 296 304 210 335 286 132 99 287 340 200 89 455 217 154 325 236 352 277 320 175 100 320 599 464 230 67 404 359 77 10 326 152 259 369 87 181 404 159 119 96 374 318 120 214 321 231 195 144 44 228 301 154 350 108 482 0 296 470 402 313 191 287 385 352 283 424 222 251 303 318 450 155 216 365
312 263 264 223 88 403 358 283 87 65 309 236 396 324 321 96 144 349 454 236 417 447 407 206 208 280 85 40 525 202 377 346 354 200 303 140 321 382 299 111 307 268 471 89 258 164 129 383 392 895 320 374 260 237 289 311 297 33 212 77 117 325 245 348 152 293 380 116 237 406 321 146 172 462 402 252 232 508 419 301 365 358 296 0 355 216 414 362 412 158 75 165 345 399 338 203 394 284 178 407 641
180 285 122 227 299 400 439 444 280 417 208 401 535 57 539 272 241 7 507 398 623 384 488 288 324 227 403 315 477 261 212 238 592 395 202 215 309 512 71 305 345 145 467 281 194 194 347 567 249 970 49 331 487 122 111 533 462 339 318 422 258 422 290 89 344 549 564 265 153 510 295 210 251 508 465 438 241 450 481 125 449 15 470 355 0 148 285 359 314 214 412 212 58 369 269 177 254 90 327 389 655
205 253 117 182 152 401 406 379 156 280 224 330 487 138 459 150 93 140 493 327 552 411 461 226 258 218 278 178 505 200 267 266 507 310 214 78 300 466 84 198 319 144 474 135 177 82 245 502 299 963 106 342 401 26 136 452 397 195 254 289 110 381 248 178 250 455 499 117 119 475 291 86 172 497 443 363 201 480 461 158 417 147 402 216 148 0 333 355 350 65 266 119 160 379 282 110 304 67 247 396 665
127 160 216 191 420 146 227 290 330 447 113 278 330 235 390 322 396 288 254 274 444 103 257 216 233 134 401 382 192 212 73 70 445 301 122 333 117 306 322 306 161 189 195 397 167 291 313 384 36 694 314 86 366 314 202 390 303 422 225 439 392 230 180 195 293 429 382 400 216 287 107 310 241 252 230 308 181 164 241 179 235 301 313 414 285 333 0 127 35 370 489 264 227 111 78 240 31 331 260 129 373
178 107 254 175 395 46 100 170 293 378 150 171 203 302 267 287 390 359 147 167 316 90 135 159 155 139 326 340 163 172 170 126 320 202 157 326 54 180 373 251 56 225 119 373 180 288 240 257 143 614 373 40 249 344 252 268 180 380 150 366 378 104 121 274 217 309 255 385 238 164 65 301 207 149 110 194 157 145 124 234 108 374 191 362 359 355 127 0 97 370 436 251 303 38 90 245 140 376 186 45 310
147 151 236 195 426 111 195 265 332 440 126 258 297 262 363 324 407 316 219 254 412 70 222 209 221 140 393 383 162 210 103 84 417 284 136 343 100 274 346 302 138 207 160 403 177 301 304 353 66 660 340 57 343 333 224 364 276 423 214 431 401 201 171 225 283 404 351 409 231 254 94 319 242 217 196 285 182 135 206 202 203 330 287 412 314 350 35 97 0 382 488 271 256 76 75 251 62 354 249 94 341
244 264 164 195 86 416 407 364 118 223 257 313 476 199 434 115 29 206 498 311 529 437 461 224 249 243 230 124 528 202 311 300 477 288 248 46 317 457 149 169 327 184 490 72 205 82 215 483 339 965 171 365 373 91 187 425 382 133 248 234 45 378 254 237 226 421 480 51 154 471 310 69 168 504 447 342 213 505 465 207 417 213 385 158 214 65 370 370 382 0 202 119 222 399 309 130 342 131 231 414 678
385 338 332 298 116 475 424 343 161 77 384 300 452 387 365 170 179 405 520 300 457 522 472 281 280 355 129 109 598 278 451 421 388 262 377 198 396 441 350 186 380 339 541 131 332 230 198 431 467 949 372 449 307 290 357 354 355 74 285 96 156 392 320 415 221 327 428 151 308 468 397 210 248 529 469 309 308 581 485 371 431 413 352 75 412 266 489 436 488 202 0 237 409 473 413 273 470 333 250 480 707
149 144 102 77 156 297 290 260 78 217 152 210 367 169 342 69 139 207 380 207 434 321 345 108 138 131 194 127 411 83 216 193 392 193 144 74 199 347 178 93 208 103 371 132 98 39 135 383 237 849 192 248 285 122 126 335 278 164 135 218 129 263 135 186 136 343 380 137 73 357 193 50 52 386 329 244 95 388 347 135 301 220 283 165 212 119 264 251 271 119 237 0 188 281 196 38 240 170 128 295 559
124 235 86 184 302 343 386 398 263 403 153 358 484 22 496 254 251 60 450 354 577 325 433 246 282 174 382 305 419 220 153 180 550 356 147 210 254 461 106 279 292 100 409 282 146 180 316 519 191 912 92 274 447 133 67 491 416 334 275 405 262 370 242 31 309 510 516 270 118 457 239 199 216 452 410 395 196 391 426 73 396 74 424 345 58 160 227 303 256 222 409 188 0 312 212 149 196 122 289 331 596
191 139 273 204 429 34 122 203 327 416 164 208 222 314 296 321 420 370 144 205 338 52 146 194 193 160 364 376 129 205 168 131 348 240 172 356 82 199 390 287 94 243 98 406 202 317 278 279 136 600 388 38 283 366 268 298 212 415 188 404 409 135 155 282 254 342 278 417 260 177 88 331 240 144 119 229 186 109 129 248 128 385 222 399 369 379 111 38 76 399 473 281 312 0 101 271 132 395 223 19 288
89 82 172 119 351 130 182 226 256 369 62 207 286 213 329 248 333 270 238 202 393 129 225 137 155 66 323 308 222 135 85 36 384 226 71 269 51 262 289 228 98 142 199 328 105 228 235 333 70 701 286 63 297 267 166 327 241 348 148 360 326 176 101 184 215 361 330 334 162 251 36 244 166 239 200 239 106 198 215 146 192 285 251 338 269 282 78 90 75 309 413 196 212 101 0 179 69 294 182 120 390
118 143 63 71 184 291 297 279 116 256 127 232 382 131 367 107 155 173 382 228 456 307 351 121 156 113 232 164 399 94 186 170 418 220 118 93 191 360 152 129 209 66 365 161 74 51 169 403 210 853 162 236 313 104 87 361 297 199 151 257 152 273 138 147 166 372 400 160 34 366 183 70 74 387 333 267 90 376 351 97 308 186 303 203 177 110 240 245 251 130 273 38 149 271 179 0 214 147 152 287 556
98 150 186 171 396 166 239 294 309 431 87 276 344 204 396 301 369 256 276 272 454 131 274 203 224 114 388 361 223 195 42 48 451 295 96 307 117 320 290 289 164 160 221 372 142 265 300 395 5 722 282 100 367 284 171 395 308 401 216 424 366 239 169 164 281 430 392 375 188 304 104 284 222 275 248 308 162 195 260 148 248 270 318 394 254 304 31 140 62 342 470 240 196 132 69 214 0 300 249 150 403
208 284 122 215 217 421 441 426 220 348 232 378 529 104 512 213 156 83 521 375 603 420 494 269 303 237 344 246 515 241 260 270 562 364 223 145 322 507 19 257 349 152 493 202 196 139 303 550 295 991 42 357 456 50 129 505 444 263 298 356 176 418 283 149 306 513 547 182 140 511 311 148 219 524 474 413 233 489 491 152 452 85 450 284 90 67 331 376 354 131 333 170 122 395 294 147 300 0 297 413 684
196 99 205 106 227 224 184 133 123 193 180 82 244 275 215 121 241 323 280 80 306 273 237 48 30 144 143 162 347 69 246 202 266 67 177 186 151 226 304 72 129 188 292 208 148 164 55 255 248 737 315 203 160 250 222 208 151 200 35 182 221 152 80 276 33 221 252 227 173 242 155 166 78 287 228 116 99 331 245 219 193 337 155 178 327 247 260 186 249 231 250 128 289 223 182 152 249 297 0 230 466
209 152 291 218 440 18 112 198 338 422 182 208 208 333 288 332 434 389 126 205 325 54 129 204 200 177 368 386 118 217 187 151 338 241 190 370 96 186 408 297 100 261 79 419 219 331 284 267 155 581 407 57 279 383 286 290 206 425 195 409 422 128 166 301 261 335 266 430 277 162 104 345 252 124 103 226 200 101 112 267 117 404 216 407 389 396 129 45 94 414 480 295 331 19 120 287 150 413 230 0 270
478 414 562 485 692 264 283 367 588 637 452 407 277 601 393 584 696 656 187 407 357 271 235 457 440 448 581 629 183 476 445 417 416 445 461 633 364 277 679 539 351 532 191 672 489 597 512 330 408 322 676 327 427 654 556 402 359 666 438 620 680 316 424 565 489 452 332 687 548 244 374 608 511 179 239 402 466 211 222 536 276 670 365 641 655 665 373 310 341 678 707 559 596 288 390 556 403 684 466 270 0
