8
12
19
13
5
23
7
19
10
22
21
10
5
23
24
15
20
22
18
19
19
14
19
19
22
15
24
15
9
6
10
21
20
16
11
8
17
19
24
22
23
5
18
14
7
6
7
5
6
9
18
7
24
17
22
16
9
15
17
21
17
21
13
20
13
20
11
17
9
21
7
15
20
7
19
7
5
22
19
17
16
9
5
9
7
14
21
22
20
14
7
16
10
20
18
15
12
11
6
24
19
15
21
18
16
8
8
15
9
20
24
16
19
8
14
14
14
16
7
24
12
8
22
10
24
8
13
6
12
13
21
15
19
8
8
10
16
23
10
13
11
7
9
11
5
17
14
22
7
11
10
5
16
24
7
18
11
23
6
16
21
15
11
13
14
23
15
8
24
13
16
9
13
9
24
16
10
16
12
23
24
21
11
16
13
10
21
20
15
14
22
16
12
23
11
19
13
10
12
