0 217 259 102 32 322 245 121 305 482 202 244 46 162 346 300 345 166 131 376 223 97 134 308 252 99 362 247 245 380 297 104 158 151 133 324 189 266 340 228 353 272 191 231 67 17 226 188 420 63 105 152 241 155 243 163 107 40 215 129 365 322 248 125 350 411 104 210 186 74 304 342 352 138 282 123 362 343 70 325 288 236 81 213 345 364 260 330 300 178 165 277 83 344 37 140 104 149 91 78 368 471 346 150 479 136 361 133 242 299 225 179 232 294 219 376 368 158 103 190 104 449 393 382 152 263 370 254 196 85 324 363 219 303 79 338 125 57 339 20 116 148 379 99 356 53 109 358 224 282 324
217 0 247 278 235 415 436 113 204 440 404 432 241 321 523 476 215 180 152 338 13 132 325 108 416 314 532 400 38 407 436 316 123 327 196 463 296 455 507 235 509 323 401 104 153 234 392 194 399 280 307 299 326 284 215 217 144 256 188 88 541 230 377 93 501 333 303 391 31 287 390 160 171 119 219 118 323 147 257 417 103 51 256 381 157 255 425 124 111 386 132 465 188 307 193 357 266 175 249 217 375 425 433 317 425 345 318 96 166 122 319 262 18 246 46 279 185 68 175 146 255 371 379 389 339 211 209 452 43 254 202 230 411 421 201 126 274 195 213 212 170 69 296 279 196 183 129 527 221 158 270
259 247 0 362 244 194 321 184 107 223 320 313 234 206 369 327 155 97 141 117 239 267 252 238 267 296 367 241 235 159 252 290 141 232 126 271 139 332 340 32 330 93 337 151 219 261 252 73 166 282 262 186 125 162 32 99 293 269 61 231 382 102 199 221 316 158 359 273 235 321 167 224 226 160 60 176 102 247 330 194 209 209 340 249 233 143 274 258 216 321 129 338 176 84 273 340 362 114 195 186 128 212 204 216 219 378 102 192 88 200 132 110 242 47 204 140 238 201 158 104 359 193 141 143 409 49 207 346 205 343 138 168 306 218 316 278 184 294 148 239 146 234 132 223 197 279 182 359 36 131 71
102 278 362 0 123 410 287 209 402 585 236 289 137 241 391 351 439 268 230 479 288 146 195 381 315 130 412 318 313 479 370 141 252 221 235 396 283 307 394 331 412 371 211 319 155 103 292 291 522 108 162 238 336 247 345 265 136 105 316 196 410 421 330 197 413 513 40 267 250 67 396 424 435 231 383 213 465 419 32 414 366 310 23 278 424 462 322 401 378 205 261 318 186 447 96 140 17 251 185 179 470 574 435 226 582 84 464 216 340 380 320 279 296 396 294 475 450 235 205 288 30 551 495 483 61 365 458 286 270 24 419 457 262 385 78 405 215 85 434 123 218 213 480 178 444 99 200 410 326 375 426
32 235 244 123 0 292 215 130 300 464 174 213 14 130 314 269 343 156 127 360 240 124 102 319 219 78 330 215 260 355 264 81 159 119 118 292 160 235 308 212 320 247 166 235 82 20 194 176 400 47 76 121 213 126 231 145 137 26 205 148 333 315 216 142 317 399 115 179 204 77 275 349 359 142 273 130 346 353 91 295 297 248 105 180 352 358 228 342 309 152 164 246 73 328 69 124 128 139 62 57 346 453 316 117 463 137 346 144 238 306 197 155 248 282 231 367 375 172 95 187 130 436 373 360 164 254 372 225 209 110 322 361 189 272 111 351 95 89 337 23 109 167 368 66 358 84 115 326 209 281 311
322 415 194 410 292 0 214 317 299 276 245 205 277 171 210 182 344 235 269 221 410 381 225 428 145 293 198 121 413 123 90 282 292 195 228 95 135 214 175 188 155 100 276 334 322 312 151 222 211 303 254 172 90 166 221 200 404 305 236 366 217 288 85 356 138 292 388 185 394 347 26 418 420 301 252 310 219 441 381 3 400 388 395 159 427 321 146 450 407 265 283 214 263 214 353 319 418 242 230 249 151 274 25 186 291 384 226 332 277 392 100 159 415 231 378 306 431 353 261 272 422 309 189 155 433 243 398 240 372 401 329 354 216 46 399 469 196 375 338 303 258 377 287 232 389 365 306 190 203 325 237
245 436 321 287 215 214 0 322 420 481 52 9 204 122 104 66 469 288 292 403 437 339 113 497 69 158 125 94 452 332 130 148 328 109 253 145 182 20 110 294 134 254 83 400 290 228 71 293 413 189 139 146 206 168 331 251 352 208 323 355 123 422 139 347 141 467 250 49 406 220 219 511 517 322 376 318 395 524 268 218 470 434 283 71 517 464 69 521 481 83 326 32 247 383 282 152 301 281 187 218 350 476 235 121 491 224 400 339 370 472 193 216 445 368 418 460 532 367 263 334 311 494 387 358 281 359 514 26 401 290 449 484 26 170 317 535 165 299 462 237 270 373 449 157 501 298 306 124 304 423 389
121 113 184 209 130 317 322 0 195 403 292 318 132 208 410 362 230 90 48 296 115 84 212 188 303 209 420 288 132 334 327 210 46 213 89 354 189 341 394 160 398 236 291 110 55 134 279 112 350 177 197 186 227 173 157 117 110 154 124 50 428 216 269 39 391 315 222 277 84 196 294 221 231 24 184 7 280 223 181 320 167 118 186 267 223 255 312 211 179 275 57 351 74 262 113 255 203 77 135 104 310 390 338 203 395 258 278 17 134 177 217 159 123 203 101 271 247 45 62 86 196 354 325 325 267 168 250 338 80 186 210 248 297 316 144 221 160 126 224 110 60 60 279 166 235 111 15 414 149 165 233
305 204 107 402 300 299 420 195 0 237 412 412 295 300 475 432 49 147 174 143 191 277 337 152 371 367 474 346 177 239 359 363 150 322 187 379 238 433 447 126 438 200 425 102 247 313 354 132 205 345 340 277 232 254 89 174 300 327 100 228 488 26 305 221 424 129 410 371 205 377 273 123 122 172 47 190 129 150 372 300 128 154 379 349 133 59 378 168 130 408 141 440 226 117 306 414 398 161 267 248 199 223 308 306 221 438 122 194 63 111 237 204 191 69 158 77 132 187 204 114 392 168 191 211 457 61 99 444 171 380 30 64 403 326 340 188 268 322 41 288 191 222 92 300 89 306 202 466 116 46 77
482 440 223 585 464 276 481 403 237 0 499 472 453 394 486 458 245 321 364 107 428 488 450 383 413 505 472 387 414 152 366 497 357 423 349 370 326 485 450 254 427 234 524 336 443 482 411 297 68 498 468 380 282 360 246 319 513 487 278 447 491 211 341 438 410 115 579 441 437 539 263 339 333 378 224 396 122 369 552 273 362 391 563 414 350 199 416 394 362 510 346 486 399 141 497 545 585 338 409 406 131 14 264 408 26 593 125 409 278 344 298 314 428 200 393 171 334 411 382 318 583 90 95 123 628 236 288 508 404 567 248 239 476 322 540 414 389 517 243 461 370 446 148 431 289 503 403 464 260 283 172
202 404 320 236 174 245 52 292 412 499 0 56 165 113 155 118 460 272 268 413 407 299 80 474 105 109 177 124 424 356 169 101 304 90 234 189 181 71 162 290 185 266 33 379 253 185 94 281 430 143 98 135 217 158 325 238 309 163 312 320 174 417 162 313 191 472 199 60 373 170 245 493 500 295 371 289 404 503 219 249 449 407 234 86 498 460 108 498 460 31 304 82 218 390 239 99 250 262 158 189 367 493 268 105 507 172 407 308 357 453 202 210 415 367 391 460 516 337 236 316 261 503 403 377 229 353 502 52 372 240 440 477 32 203 271 510 146 254 453 198 246 339 451 125 489 254 276 176 297 409 390
244 432 313 289 213 205 9 318 412 472 56 0 202 116 102 62 462 282 287 394 433 337 111 491 60 159 122 85 447 323 121 149 322 104 247 137 174 23 106 287 129 245 88 394 287 227 62 286 403 190 138 140 197 161 323 244 351 207 316 352 122 414 130 344 134 458 253 42 402 222 210 504 511 317 368 314 386 518 270 209 465 429 285 63 511 456 60 515 475 87 320 33 243 375 281 156 303 276 183 214 341 467 226 116 482 228 391 335 363 466 185 208 440 360 413 452 526 363 258 328 312 485 378 349 285 352 507 36 396 292 442 477 27 161 317 530 160 299 454 236 265 370 440 154 495 297 302 121 296 416 381
46 241 234 137 14 277 204 132 295 453 165 202 0 115 302 256 339 149 124 350 245 135 91 321 206 76 317 201 264 342 250 77 157 105 110 278 146 224 295 202 306 234 160 234 88 35 180 168 388 50 67 106 199 111 223 135 149 34 198 155 321 309 202 148 303 391 125 166 210 86 261 349 358 142 266 131 336 354 105 280 298 251 119 167 353 352 214 344 310 145 161 235 69 318 83 123 142 133 47 48 334 442 301 103 452 144 336 147 233 306 183 142 253 274 234 360 374 176 91 183 145 427 361 347 175 247 370 215 213 124 318 357 178 257 126 354 80 103 332 34 104 174 360 52 356 98 117 313 200 278 303
162 321 206 241 130 171 122 208 300 394 113 116 115 0 202 154 349 166 172 303 321 242 57 376 96 122 212 86 334 260 134 112 207 28 131 162 70 138 187 177 195 160 132 278 186 149 71 171 326 133 84 24 114 46 212 129 261 138 202 247 220 304 88 238 190 360 217 73 292 177 160 388 395 204 258 202 293 402 213 174 349 314 228 59 395 348 105 399 359 116 204 147 134 279 198 154 250 159 78 108 265 387 196 15 400 214 296 225 248 350 97 97 328 254 299 346 410 252 146 212 256 392 299 276 262 240 393 144 284 234 328 365 102 144 242 414 47 219 342 147 152 264 338 64 380 213 192 207 185 301 277
346 523 369 391 314 210 104 410 475 486 155 102 302 202 0 47 524 361 373 428 523 437 211 573 108 262 27 130 535 334 123 252 408 199 331 116 242 83 36 349 64 285 183 474 384 329 131 360 422 292 241 224 244 241 387 321 452 310 387 448 19 472 170 439 80 497 354 136 495 324 227 579 584 406 429 405 423 595 372 213 545 515 387 142 587 511 100 596 555 186 404 72 336 415 383 254 405 358 277 308 362 485 223 207 502 326 429 427 434 544 238 279 530 415 500 502 598 454 348 406 415 518 400 366 382 414 574 108 486 394 505 537 129 166 420 612 249 401 517 336 353 465 486 252 562 399 395 31 361 487 430
300 476 327 351 269 182 66 362 432 458 118 62 256 154 47 0 481 314 326 393 476 391 166 526 62 221 61 86 488 306 91 210 360 152 284 95 196 50 44 305 68 247 150 427 337 284 84 314 392 250 197 177 203 194 343 274 406 265 342 401 65 430 129 392 78 460 316 90 447 284 195 533 539 358 386 357 387 549 331 185 498 468 346 94 541 470 54 550 509 149 356 42 288 378 338 218 365 311 230 261 330 455 199 160 472 291 392 379 389 498 195 233 483 373 453 462 553 407 300 360 374 484 368 336 347 371 530 80 438 353 462 495 89 136 376 565 202 356 474 290 306 418 447 205 518 353 347 58 317 442 390
345 215 155 439 343 344 469 230 49 245 460 462 339 349 524 481 0 193 216 166 202 306 385 139 420 412 522 395 182 274 407 409 188 370 233 427 288 482 496 176 485 246 473 124 284 354 404 180 226 389 386 326 281 303 138 222 328 369 148 256 537 56 354 250 471 130 449 420 223 418 319 94 90 208 95 226 155 124 410 345 121 164 416 399 105 45 427 148 119 456 180 489 269 147 342 460 433 206 314 293 232 230 351 355 225 480 147 226 106 101 286 253 199 113 172 73 95 214 247 156 426 163 217 242 496 110 54 493 190 416 21 18 452 373 373 168 316 357 7 329 234 246 97 347 48 341 239 514 165 65 111
166 180 97 268 156 235 288 90 147 321 272 282 149 166 361 314 193 0 44 214 175 171 194 212 252 220 365 231 181 243 261 216 57 183 40 286 121 304 339 70 337 147 281 113 121 171 231 23 263 199 193 142 146 121 77 40 196 182 49 140 377 159 201 129 327 245 269 239 159 233 210 222 229 69 116 82 198 236 236 237 184 157 245 222 229 203 260 235 194 265 48 313 83 180 176 267 267 17 121 101 220 309 254 168 316 293 197 102 86 184 140 84 180 128 145 211 244 119 62 46 263 283 238 235 318 98 230 310 137 248 171 210 268 242 218 251 126 196 186 147 50 147 212 154 217 181 85 359 61 137 158
131 152 141 230 127 269 292 48 174 364 268 287 124 172 373 326 216 44 0 256 150 126 187 206 265 199 381 248 161 287 284 198 36 183 44 311 144 309 355 114 357 187 272 112 79 138 242 67 307 174 179 149 179 133 118 69 152 153 87 98 390 191 225 87 348 283 235 244 127 202 245 227 236 33 152 41 241 235 199 272 180 142 207 232 232 233 274 230 192 255 37 319 54 223 135 247 227 29 109 81 265 352 289 170 358 264 239 63 111 185 170 111 157 168 127 245 251 85 33 60 223 322 282 279 283 135 246 310 112 209 195 234 269 270 176 243 126 154 209 113 21 108 249 143 231 139 41 375 105 154 198
376 338 117 479 360 221 403 296 143 107 413 394 350 303 428 393 166 214 256 0 327 381 356 295 340 406 418 312 316 118 304 399 250 331 243 315 234 410 394 148 376 149 436 234 335 378 332 190 62 396 371 286 197 265 139 214 406 384 171 340 436 118 266 331 359 70 475 359 333 436 201 259 256 271 120 289 15 288 447 220 271 292 458 333 270 126 345 309 273 420 239 414 293 33 390 449 479 231 308 302 76 95 218 315 102 492 20 302 173 254 211 215 328 94 292 101 262 305 275 211 477 91 51 82 525 130 218 430 300 461 162 167 394 262 432 330 291 410 162 356 263 340 76 332 215 396 296 410 153 188 68
223 13 239 288 240 410 437 115 191 428 407 433 245 321 523 476 202 175 150 327 0 142 327 95 415 319 532 399 25 398 433 321 119 328 194 460 293 456 506 228 508 317 405 92 158 239 392 188 388 285 311 298 321 283 206 213 154 261 180 95 541 218 374 99 499 321 312 392 38 295 384 147 158 117 208 119 312 135 266 412 89 38 266 381 144 242 424 113 98 389 127 466 190 296 201 363 276 171 250 219 365 414 427 317 413 353 307 98 156 108 315 258 8 235 35 266 172 70 175 139 266 359 369 379 349 201 195 454 38 264 189 217 413 417 211 116 274 204 199 217 169 76 284 282 183 192 131 526 213 146 259
97 132 267 146 124 381 339 84 277 488 299 337 135 242 437 391 306 171 126 381 142 0 226 235 337 196 451 328 166 413 374 201 131 238 157 402 246 359 428 241 437 310 288 182 59 114 312 194 433 160 200 226 292 221 242 189 25 137 209 52 456 299 319 56 432 399 171 301 103 158 359 279 291 109 268 91 365 274 125 384 222 165 124 299 279 336 346 255 232 275 142 370 118 347 64 234 135 155 164 136 392 475 403 233 480 214 362 82 218 237 280 223 149 288 149 354 306 93 122 171 125 438 408 406 207 253 318 350 125 121 288 324 313 372 70 258 197 62 302 101 128 67 363 185 304 52 85 447 231 241 318
134 325 252 195 102 225 113 212 337 450 80 111 91 57 211 166 385 194 187 356 327 226 0 393 121 68 228 123 344 317 175 57 224 29 155 201 123 133 206 221 221 216 87 300 176 117 97 205 381 87 33 69 170 91 253 163 240 100 237 243 230 345 140 235 220 409 166 76 294 128 216 413 421 215 299 209 344 423 170 229 368 327 186 83 419 389 129 417 379 70 224 144 138 329 171 97 206 183 78 108 321 441 250 42 454 158 347 228 280 373 153 142 335 298 311 391 437 257 156 238 213 442 354 332 209 280 425 126 292 192 364 402 87 194 210 430 70 190 378 125 166 261 385 45 411 187 196 224 226 332 324
308 108 238 381 319 428 497 188 152 383 474 491 321 376 573 526 139 212 206 295 95 235 393 0 464 397 577 443 70 388 470 398 169 389 244 494 332 514 551 240 548 329 477 98 240 322 443 215 357 366 383 352 347 332 207 252 250 343 193 185 589 176 411 186 536 269 403 449 132 381 402 56 68 179 188 189 282 39 358 430 28 71 358 434 50 184 473 23 22 460 171 523 256 269 290 443 370 216 315 286 350 368 442 376 364 442 275 175 151 40 346 295 89 216 89 212 79 149 237 166 360 303 343 362 442 190 112 516 112 357 135 149 475 445 305 40 332 296 140 298 227 168 235 349 103 283 203 570 225 110 230
252 416 267 315 219 145 69 303 371 413 105 60 206 96 108 62 420 252 265 340 415 337 121 464 0 185 116 27 427 263 63 174 299 100 223 85 134 71 91 244 100 191 138 365 282 237 25 252 345 208 154 117 145 132 282 212 354 221 279 343 125 369 73 334 98 405 284 50 388 248 150 471 476 298 325 298 333 487 291 148 436 406 307 39 478 410 9 488 446 131 295 74 230 322 289 195 327 249 174 204 283 409 166 104 424 267 338 320 327 435 135 171 422 314 392 404 491 347 241 298 335 431 320 290 322 309 468 95 378 313 401 434 74 100 330 503 143 309 413 239 246 360 390 153 456 304 288 110 255 380 332
99 314 296 130 78 293 158 209 367 505 109 159 76 122 262 221 412 220 199 406 319 196 68 397 185 0 282 190 339 380 242 10 234 97 180 268 181 178 264 263 282 275 93 311 160 81 162 237 438 35 38 128 232 145 290 199 203 59 268 226 281 379 208 220 283 454 99 136 282 63 283 426 435 219 334 208 394 431 110 297 375 327 125 149 429 423 192 420 386 81 237 190 145 377 133 47 144 206 101 119 379 496 318 107 507 91 395 223 306 383 215 191 327 339 309 429 450 251 166 257 153 489 410 392 140 315 445 161 288 132 391 430 132 262 162 430 115 146 405 101 179 245 426 74 431 148 193 279 265 353 367
362 532 367 412 330 198 125 420 474 472 177 122 317 212 27 61 522 365 381 418 532 451 228 577 116 282 0 134 543 319 115 272 414 213 338 102 245 106 26 348 44 279 206 478 397 346 141 363 408 311 258 233 241 248 386 325 467 327 389 459 19 469 169 450 61 488 376 151 504 345 217 581 585 414 427 414 414 598 392 200 549 521 407 153 589 507 107 601 559 208 410 95 347 407 399 277 426 364 289 320 350 471 208 219 488 349 421 437 435 547 236 282 539 411 508 496 599 464 357 411 435 507 387 353 406 413 573 132 494 414 504 535 150 156 438 617 259 418 515 351 362 476 479 266 562 415 405 8 361 488 424
247 400 241 318 215 121 94 288 346 387 124 85 201 86 130 86 395 231 248 312 399 328 123 443 27 190 134 0 409 238 51 179 281 98 204 78 111 98 107 219 110 164 155 344 271 233 30 230 318 210 156 103 118 115 257 191 347 219 256 331 145 344 46 321 104 378 289 64 373 251 125 448 453 281 300 282 305 465 292 125 415 387 308 42 456 384 32 467 425 146 276 101 217 295 284 206 329 230 164 193 256 382 144 97 398 276 311 305 303 414 109 148 405 288 374 377 467 332 226 277 336 404 293 263 330 284 444 121 360 314 376 409 94 79 327 483 131 304 388 233 229 346 363 148 432 298 274 127 231 357 305
245 38 235 313 260 413 452 132 177 414 424 447 264 334 535 488 182 181 161 316 25 166 344 70 427 339 543 409 0 393 441 341 128 343 204 467 301 470 516 227 517 317 423 84 179 261 404 191 378 306 329 311 325 294 202 220 180 282 179 118 552 203 382 121 507 305 336 405 62 317 387 121 133 130 198 135 301 109 291 415 65 25 290 393 118 224 436 88 73 407 133 480 205 286 224 384 302 179 266 235 359 400 429 331 398 377 296 116 148 85 321 265 19 226 35 249 147 88 189 140 291 342 360 372 374 193 172 469 51 288 171 196 428 423 236 92 287 228 180 238 182 100 268 298 160 216 148 536 212 130 247
380 407 159 479 355 123 332 334 239 152 356 323 342 260 334 306 274 243 287 118 398 413 317 388 263 380 319 238 393 0 214 370 296 288 257 217 199 334 297 175 275 108 383 309 358 376 264 222 89 380 341 251 147 235 191 224 438 375 219 383 339 220 194 373 258 187 465 296 394 424 113 362 361 312 200 326 122 390 447 120 361 368 460 269 373 239 266 406 366 370 284 335 304 127 403 414 483 257 294 301 42 151 112 275 168 471 131 345 244 348 164 200 401 172 363 217 369 358 293 262 484 196 73 37 514 200 328 359 364 465 265 278 330 169 450 427 267 426 269 359 284 389 193 308 323 413 328 311 188 278 163
297 436 252 370 264 90 130 327 359 366 169 121 250 134 123 91 407 261 284 304 433 374 175 470 63 242 115 51 441 214 0 231 314 149 240 28 140 126 90 235 78 164 202 371 316 283 80 255 300 261 207 147 127 154 273 221 393 270 278 372 132 353 59 362 66 373 341 112 410 303 104 469 473 317 312 321 300 488 344 94 441 419 359 93 478 391 61 493 450 194 307 124 259 292 332 257 381 262 210 237 239 364 108 147 380 328 306 344 324 438 124 176 440 296 406 380 486 369 265 304 387 395 278 244 381 299 458 154 395 366 389 419 137 44 376 510 176 353 400 281 267 386 363 198 448 347 313 107 249 376 308
104 316 290 141 81 282 148 210 363 497 101 149 77 112 252 210 409 216 198 399 321 201 57 398 174 10 272 179 341 370 231 0 233 87 176 257 172 169 253 257 271 266 86 310 163 86 152 232 430 42 29 119 223 137 285 193 210 64 264 229 271 374 198 223 272 448 110 125 285 74 273 425 434 219 330 208 387 431 120 286 375 328 135 138 429 419 181 421 386 74 236 180 143 371 139 51 154 202 96 117 371 488 307 96 500 101 389 224 303 382 205 184 329 333 311 424 450 252 165 255 163 483 402 383 151 310 443 153 289 142 388 427 122 251 170 431 108 153 402 104 177 249 420 67 429 154 194 269 259 351 361
158 123 141 252 159 292 328 46 150 357 304 322 157 207 408 360 188 57 36 250 119 131 224 169 299 234 414 281 128 296 314 233 0 219 76 340 173 345 388 120 389 203 308 77 97 168 276 74 305 206 215 184 203 166 112 93 156 185 80 90 424 170 255 80 379 268 261 280 102 231 267 192 201 22 137 40 235 199 222 294 144 107 228 266 196 210 308 193 155 292 11 355 89 217 155 281 247 51 145 117 269 344 311 206 349 293 232 51 88 149 196 138 125 157 93 225 216 62 68 39 241 307 282 284 308 122 213 347 81 229 167 206 305 297 190 207 162 171 182 142 57 93 233 179 199 156 51 408 108 124 187
151 327 232 221 119 195 109 213 322 423 90 104 105 28 199 152 370 183 183 331 328 238 29 389 100 97 213 98 343 288 149 87 219 0 145 176 97 127 189 201 201 189 105 292 185 136 75 191 354 112 60 45 142 69 235 148 254 121 222 249 218 327 111 240 198 387 194 63 298 155 187 405 412 213 281 209 320 416 195 199 362 325 210 61 411 371 109 412 373 89 217 137 138 305 188 126 232 174 78 110 293 415 220 15 428 188 323 230 267 365 125 121 336 278 309 371 427 258 153 228 238 419 327 304 238 263 412 127 292 217 350 387 86 165 230 426 57 208 363 139 161 266 363 53 399 203 198 208 208 320 303
133 196 126 235 118 228 253 89 187 349 234 247 110 131 331 284 233 40 44 243 194 157 155 244 223 180 338 204 204 257 240 176 76 145 0 266 100 270 312 95 313 152 242 147 101 135 200 58 288 160 153 108 138 90 113 32 182 144 88 138 348 199 180 127 304 280 233 205 171 196 205 259 266 77 155 82 229 270 203 231 217 183 214 190 265 243 231 268 228 225 72 279 49 211 149 227 236 28 80 62 239 338 249 132 346 255 229 105 127 219 128 69 200 163 169 250 282 129 36 82 234 318 261 254 282 136 270 273 156 217 212 250 231 227 194 282 88 170 226 112 30 150 250 114 256 157 78 332 91 177 192
324 463 271 396 292 95 145 354 379 370 189 137 278 162 116 95 427 286 311 315 460 402 201 494 85 268 102 78 467 217 28 257 340 176 266 0 166 137 80 257 60 180 222 396 344 311 105 279 306 288 234 176 148 182 294 247 422 297 301 400 121 372 85 389 44 385 367 135 437 329 114 491 495 344 332 348 312 512 371 97 465 444 386 118 500 408 80 517 474 215 334 133 287 306 360 280 407 288 238 265 247 368 107 174 386 352 319 371 347 461 148 202 466 314 432 396 508 396 293 329 414 405 285 250 406 319 479 167 421 393 409 438 156 54 404 535 204 381 419 309 294 414 378 226 468 375 341 94 271 398 325
189 296 139 283 160 135 182 189 238 326 181 174 146 70 242 196 288 121 144 234 293 246 123 332 134 181 245 111 301 199 140 172 173 97 100 166 0 194 218 112 216 94 202 233 187 181 116 118 258 181 142 53 53 36 149 81 269 177 145 236 257 239 81 226 206 291 266 133 271 225 116 337 342 177 194 182 223 354 252 138 304 279 266 111 345 282 142 356 314 186 167 201 128 209 218 219 289 122 98 114 198 318 158 82 331 272 226 205 192 302 36 37 299 186 266 279 356 229 129 166 291 322 231 210 314 177 334 206 254 271 268 302 167 127 265 372 68 241 280 169 128 249 269 109 322 231 176 238 122 246 209
266 455 332 307 235 214 20 341 433 485 71 23 224 138 83 50 482 304 309 410 456 359 133 514 71 178 106 98 470 334 126 169 345 127 270 137 194 0 93 307 119 262 100 417 309 248 80 308 417 210 160 162 214 183 344 266 373 228 338 375 103 434 144 367 127 475 270 65 425 241 221 526 533 340 389 337 403 540 289 217 487 452 304 83 533 476 68 538 498 102 343 11 266 392 303 171 321 298 206 237 354 480 233 139 496 243 408 358 385 489 203 229 463 379 436 471 548 386 281 350 331 502 392 361 299 372 528 30 419 310 462 497 47 168 338 552 183 320 475 258 288 393 458 177 516 318 325 105 317 438 399
340 507 340 394 308 175 110 394 447 450 162 106 295 187 36 44 496 339 355 394 506 428 206 551 91 264 26 107 516 297 90 253 388 189 312 80 218 93 0 322 29 254 193 452 373 324 116 336 386 291 238 208 215 222 359 299 444 306 362 435 42 442 142 425 44 463 359 130 479 327 192 554 558 388 400 389 389 572 373 177 522 495 389 129 562 480 82 574 532 193 383 84 322 382 378 262 408 337 265 295 327 449 186 195 466 335 396 411 409 520 210 255 513 385 481 470 572 438 332 384 416 483 364 330 391 386 546 122 468 395 477 508 133 132 417 591 234 396 488 329 336 451 453 243 535 393 379 19 334 461 398
228 235 32 331 212 188 294 160 126 254 290 287 202 177 349 305 176 70 114 148 228 241 221 240 244 263 348 219 227 175 235 257 120 201 95 257 112 307 322 0 314 90 307 146 191 229 228 47 194 250 230 155 109 132 37 66 267 236 49 208 362 127 179 198 301 190 327 246 219 288 161 234 237 137 81 152 134 254 298 189 211 202 309 223 243 170 251 262 219 290 109 314 144 116 243 308 331 86 162 154 150 243 202 186 251 346 134 170 90 205 111 80 232 77 195 169 250 182 128 89 329 226 168 165 376 65 224 319 192 312 156 190 278 206 287 281 152 264 168 207 117 213 163 190 213 249 156 341 15 141 103
353 509 330 412 320 155 134 398 438 427 185 129 306 195 64 68 485 337 357 376 508 437 221 548 100 282 44 110 517 275 78 271 389 201 313 60 216 119 29 314 0 240 217 449 381 337 126 333 364 307 253 213 205 225 351 297 455 321 356 441 64 431 136 431 17 446 379 146 483 345 175 548 552 390 390 392 373 567 390 156 519 495 406 139 556 468 92 571 528 216 383 111 327 366 390 284 425 337 273 302 306 426 163 204 444 357 379 415 403 516 203 253 514 373 482 456 565 441 336 382 434 465 344 309 413 377 537 149 469 412 468 497 154 115 431 588 241 409 478 340 339 456 438 254 526 405 384 36 327 455 385
272 323 93 371 247 100 254 236 200 234 266 245 234 160 285 247 246 147 187 149 317 310 216 329 191 275 279 164 317 108 164 266 203 189 152 180 94 262 254 90 240 0 290 236 253 267 183 129 165 273 237 147 48 129 121 120 335 267 139 286 296 191 118 275 225 213 357 211 305 317 73 317 320 216 153 228 141 340 339 101 300 292 352 184 327 227 197 350 308 276 193 266 197 130 296 313 375 158 186 193 104 226 112 174 240 365 146 249 178 292 64 92 321 133 284 216 331 266 188 177 376 240 138 116 406 143 299 281 280 357 230 257 245 126 343 369 160 319 239 251 181 294 200 202 290 306 228 271 105 225 144
191 401 337 211 166 276 83 291 425 524 33 88 160 132 183 150 473 281 272 436 405 288 87 477 138 93 206 155 423 383 202 86 308 105 242 222 202 100 193 307 217 290 0 385 248 173 125 293 456 128 94 151 242 175 340 250 297 151 324 315 202 432 191 308 223 493 173 91 370 149 274 499 507 297 386 289 425 508 198 279 452 408 212 116 504 476 141 500 464 16 309 111 220 411 226 71 227 270 163 191 393 517 299 121 531 142 428 307 368 458 226 227 413 384 392 477 523 335 239 324 238 524 429 403 199 367 512 75 371 218 451 489 65 235 254 512 157 239 465 190 250 334 469 128 498 241 275 206 312 419 409
231 104 151 319 235 334 400 110 102 336 379 394 234 278 474 427 124 113 112 234 92 182 300 98 365 311 478 344 84 309 371 310 77 292 147 396 233 417 452 146 449 236 385 0 166 243 344 116 296 283 292 254 250 234 118 153 204 261 98 131 490 128 313 126 438 232 333 351 103 306 308 114 123 93 115 108 219 123 291 336 71 59 295 335 119 158 374 122 81 368 75 425 166 203 223 358 312 118 222 194 274 322 349 279 322 368 214 103 64 73 248 196 94 143 57 180 139 89 145 67 304 270 276 288 377 109 139 420 69 295 107 142 378 348 250 138 235 235 120 217 134 122 194 256 125 219 122 472 131 60 166
67 153 219 155 82 322 290 55 247 443 253 287 88 186 384 337 284 121 79 335 158 59 176 240 282 160 397 271 179 358 316 163 97 185 101 344 187 309 373 191 381 253 248 166 0 81 257 145 385 127 155 168 234 162 197 134 82 103 166 66 403 266 261 60 375 362 167 248 122 141 300 276 286 75 230 58 320 276 125 325 221 169 131 244 278 307 291 263 232 233 106 320 58 302 58 204 150 105 108 78 339 431 344 178 437 202 319 65 185 232 221 165 166 247 152 321 302 91 65 134 145 400 359 354 212 213 306 303 129 132 264 302 264 313 97 271 140 75 278 59 74 85 327 133 291 60 45 392 183 219 277
17 234 261 103 20 312 228 134 313 482 185 227 35 149 329 284 354 171 138 378 239 114 117 322 237 81 346 233 261 376 283 86 168 136 135 311 181 248 324 229 337 267 173 243 81 0 212 192 419 46 88 141 234 147 247 163 124 22 220 145 348 328 236 141 335 415 98 194 202 63 296 355 365 149 287 135 364 357 71 316 302 250 85 198 358 371 245 344 313 160 174 260 87 346 54 123 108 154 82 76 366 472 337 136 481 125 364 147 250 312 218 175 248 298 233 382 381 173 108 198 110 453 392 380 147 269 381 236 211 89 333 372 201 292 93 353 115 72 348 25 122 165 383 85 367 70 121 342 226 292 327
226 392 252 292 194 151 71 279 354 411 94 62 180 71 131 84 404 231 242 332 392 312 97 443 25 162 141 30 404 264 80 152 276 75 200 105 116 80 116 228 126 183 125 344 257 212 0 232 342 184 130 93 135 110 265 191 329 196 261 318 148 354 69 309 123 396 261 34 364 225 152 451 457 274 309 274 324 466 267 154 415 383 283 14 458 396 34 466 425 116 272 85 206 312 264 177 304 227 149 179 279 405 173 79 421 247 329 296 308 415 123 152 399 300 369 391 471 323 217 277 311 423 316 288 301 293 450 97 354 289 384 418 66 109 305 482 118 284 396 214 222 335 379 128 438 279 264 135 238 361 319
188 194 73 291 176 222 293 112 132 297 281 286 168 171 360 314 180 23 67 190 188 194 205 215 252 237 363 230 191 222 255 232 74 191 58 279 118 308 336 47 333 129 293 116 145 192 232 0 239 218 208 147 134 125 55 42 220 202 31 161 375 141 196 151 321 223 290 244 176 254 196 219 225 90 97 105 175 235 259 224 186 167 268 225 226 186 260 238 196 276 64 316 105 157 200 283 290 40 136 120 197 285 239 176 292 313 174 123 76 184 131 81 193 106 156 192 239 137 85 50 286 261 214 212 340 78 221 316 151 271 158 196 274 232 242 255 136 220 172 168 73 167 191 168 208 205 109 356 37 130 135
420 399 166 522 400 211 413 350 205 68 430 403 388 326 422 392 226 263 307 62 388 433 381 357 345 438 408 318 378 89 300 430 305 354 288 306 258 417 386 194 364 165 456 296 385 419 342 239 0 432 401 312 213 293 193 257 459 423 225 396 427 180 273 386 347 112 514 373 393 474 196 321 317 325 180 342 76 350 490 208 333 354 502 346 332 184 349 371 335 441 294 419 338 92 437 477 524 280 344 343 62 63 201 340 80 527 82 357 233 317 229 248 390 153 353 157 322 363 322 267 522 110 27 55 564 189 277 439 360 505 223 225 407 256 481 392 322 458 223 399 311 397 131 364 275 444 348 400 202 250 130
63 280 282 108 47 303 189 177 345 498 143 190 50 133 292 250 389 199 174 396 285 160 87 366 208 35 311 210 306 380 261 42 206 112 160 288 181 210 291 250 307 273 128 283 127 46 184 218 432 0 54 132 234 144 273 183 168 24 248 192 312 359 221 187 307 440 85 162 248 44 290 397 406 190 316 177 383 400 82 307 345 295 98 170 400 403 216 389 356 116 211 221 119 366 97 77 119 184 88 98 376 488 328 117 498 96 384 191 283 353 217 184 293 323 278 410 422 218 141 233 126 476 405 388 133 297 420 195 256 105 368 407 163 276 128 398 112 111 383 68 155 211 410 72 405 112 163 308 249 328 351
105 307 262 162 76 254 139 197 340 468 98 138 67 84 241 197 386 193 179 371 311 200 33 383 154 38 258 156 329 341 207 29 215 60 153 234 142 160 238 230 253 237 94 292 155 88 130 208 401 54 0 89 193 108 259 168 212 68 239 222 260 349 171 215 253 421 134 108 276 95 244 407 415 203 304 194 358 414 137 258 359 314 153 116 411 394 162 406 370 78 217 171 126 342 143 78 173 180 72 97 341 459 279 68 471 130 360 212 280 365 176 155 319 307 297 398 431 241 146 234 180 455 373 353 178 285 423 149 277 159 365 403 113 225 179 417 79 160 379 99 158 241 394 40 409 158 181 255 233 330 334
152 299 186 238 121 172 146 186 277 380 135 140 106 24 224 177 326 142 149 286 298 226 69 352 117 128 233 103 311 251 147 119 184 45 108 176 53 162 208 155 213 147 151 254 168 141 93 147 312 132 89 0 104 23 190 105 245 133 178 227 242 282 96 217 207 341 217 97 271 177 158 364 371 181 236 180 275 377 208 176 325 291 223 82 371 325 126 375 335 135 181 171 114 260 186 165 246 135 62 89 252 372 197 30 385 219 278 203 224 326 86 75 306 232 276 325 386 230 124 188 250 373 285 264 264 218 369 168 261 229 305 342 126 151 231 390 28 208 319 135 129 243 317 60 356 200 171 228 162 277 257
241 326 125 336 213 90 206 227 232 282 217 197 199 114 244 203 281 146 179 197 321 292 170 347 145 232 241 118 325 147 127 223 203 142 138 148 53 214 215 109 205 48 242 250 234 234 135 134 213 234 193 104 0 89 146 110 316 231 154 276 256 227 74 265 192 260 319 162 304 278 67 343 346 211 185 220 189 363 305 93 318 301 319 136 352 267 151 369 327 228 194 219 175 177 269 267 342 152 151 164 151 275 111 128 289 323 193 242 198 313 17 69 327 170 291 258 359 263 171 185 344 288 186 162 367 172 331 233 283 324 262 293 197 98 316 387 121 292 273 221 168 287 244 161 321 281 216 233 123 250 186
155 284 162 247 126 166 168 173 254 360 158 161 111 46 241 194 303 121 133 265 283 221 91 332 132 145 248 115 294 235 154 137 166 69 90 182 36 183 222 132 225 129 175 234 162 147 110 125 293 144 108 23 89 0 166 83 242 142 156 217 258 258 98 207 217 318 230 118 257 189 149 343 349 166 212 167 253 357 217 169 305 273 231 101 350 302 141 356 315 158 162 191 105 238 187 185 254 116 64 85 233 352 190 53 364 236 256 190 202 306 72 52 290 209 259 302 364 216 111 167 257 351 265 246 278 194 346 190 245 236 282 319 149 151 234 371 32 209 296 137 114 232 294 73 334 200 159 242 139 255 234
243 215 32 345 231 221 331 157 89 246 325 323 223 212 387 343 138 77 118 139 206 242 253 207 282 290 386 257 202 191 273 285 112 235 113 294 149 344 359 37 351 121 340 118 197 247 265 55 193 273 259 190 146 166 0 91 267 257 32 202 400 92 217 193 338 168 345 282 203 309 195 197 200 133 46 150 123 219 313 222 179 177 323 260 206 135 289 228 186 323 100 351 160 105 253 336 344 94 188 175 160 234 234 219 239 368 121 164 56 170 149 115 209 50 171 138 213 170 140 74 340 206 169 174 395 28 186 355 173 325 118 153 314 242 294 248 183 273 131 224 127 204 137 219 175 258 157 379 27 104 80
163 217 99 265 145 200 251 117 174 319 238 244 135 129 321 274 222 40 69 214 213 189 163 252 212 199 325 191 220 224 221 193 93 148 32 247 81 266 299 66 297 120 250 153 134 163 191 42 257 183 168 105 110 83 91 0 214 170 74 167 337 182 162 156 287 256 260 202 194 222 176 260 266 101 136 110 200 275 233 203 224 197 244 184 267 226 221 275 234 234 86 274 81 183 181 244 267 42 97 87 207 308 220 133 317 279 201 132 119 223 102 45 219 140 185 230 281 153 68 85 265 292 230 221 310 117 264 273 175 248 201 238 231 203 226 291 93 203 215 142 61 177 227 127 251 189 108 319 66 172 168
107 144 293 136 137 404 352 110 300 513 309 351 149 261 452 406 328 196 152 406 154 25 240 250 354 203 467 347 180 438 393 210 156 254 182 422 269 373 444 267 455 335 297 204 82 124 329 220 459 168 212 245 316 242 267 214 0 146 234 72 471 323 340 78 451 423 165 316 117 159 383 297 308 134 293 117 390 289 120 407 238 181 115 315 296 359 363 268 249 284 167 384 141 372 70 239 123 181 183 157 417 501 426 250 505 210 388 106 242 254 303 247 162 314 166 377 323 114 146 196 111 463 434 432 197 278 338 361 143 112 310 346 326 393 58 270 217 60 324 115 153 84 387 201 324 55 111 463 257 264 343
40 256 269 105 26 305 208 154 327 487 163 207 34 138 310 265 369 182 153 384 261 137 100 343 221 59 327 219 282 375 270 64 185 121 144 297 177 228 306 236 321 267 151 261 103 22 196 202 423 24 68 133 231 142 257 170 146 0 231 168 329 341 226 163 319 425 91 176 224 52 290 374 384 168 299 154 370 377 75 309 322 271 90 182 377 385 229 365 333 138 190 240 100 353 75 101 113 166 80 82 368 477 330 123 487 111 371 167 264 331 214 176 269 308 254 394 400 194 122 213 117 462 395 381 141 280 398 215 232 96 348 387 181 281 110 374 109 91 363 44 135 187 394 73 384 91 140 324 235 308 337
215 188 61 316 205 236 323 124 100 278 312 316 198 202 387 342 148 49 87 171 180 209 237 193 279 268 389 256 179 219 278 264 80 222 88 301 145 338 362 49 356 139 324 98 166 220 261 31 225 248 239 178 154 156 32 74 234 231 0 170 402 110 220 161 344 197 318 274 174 282 210 191 197 100 67 117 155 210 284 238 164 153 293 254 200 154 288 215 173 308 68 345 132 137 223 315 314 65 167 150 190 266 251 207 271 343 153 131 47 159 153 109 184 81 146 162 211 139 111 43 310 235 201 205 367 49 190 346 145 295 127 164 305 252 263 234 167 242 141 195 98 172 164 200 178 226 125 381 34 100 110
129 88 231 196 148 366 355 50 228 447 320 352 155 247 448 401 256 140 98 340 95 52 243 185 343 226 459 331 118 383 372 229 90 249 138 400 236 375 435 208 441 286 315 131 66 145 318 161 396 192 222 227 276 217 202 167 72 168 170 0 466 251 314 10 434 353 217 313 57 199 343 228 239 71 224 57 324 223 172 369 170 114 173 306 228 287 352 206 181 300 102 386 113 306 105 269 186 127 170 139 359 434 387 240 437 258 321 38 172 185 266 207 103 246 97 306 254 42 107 129 177 392 372 373 256 210 266 369 74 171 238 273 330 364 121 211 200 111 251 125 108 19 317 198 252 97 59 454 197 191 275
365 541 382 410 333 217 123 428 488 491 174 122 321 220 19 65 537 377 390 436 541 456 230 589 125 281 19 145 552 339 132 271 424 218 348 121 257 103 42 362 64 296 202 490 403 348 148 375 427 312 260 242 256 258 400 337 471 329 402 466 0 484 183 457 81 505 373 155 513 344 235 594 598 423 442 422 432 611 392 219 561 531 407 160 602 523 116 612 571 205 420 91 354 425 402 273 424 374 295 326 368 490 227 225 507 344 438 445 449 559 251 294 548 427 517 512 612 472 366 422 434 526 406 372 401 427 587 126 503 413 519 550 149 174 439 628 267 420 530 355 371 483 496 271 576 418 412 27 375 502 441
322 230 102 421 315 288 422 216 26 211 417 414 309 304 472 430 56 159 191 118 218 299 345 176 369 379 469 344 203 220 353 374 170 327 199 372 239 434 442 127 431 191 432 128 266 328 354 141 180 359 349 282 227 258 92 182 323 341 110 251 484 0 301 244 417 103 426 373 231 392 263 143 141 192 45 211 105 171 390 289 153 180 398 351 153 44 377 191 155 415 160 440 241 94 325 425 417 175 278 261 179 196 295 311 195 453 98 216 81 136 234 207 217 58 184 54 149 211 219 132 411 142 167 190 474 64 110 446 197 399 44 66 406 318 361 212 275 342 49 304 206 246 66 309 103 326 222 461 119 72 56
248 377 199 330 216 85 139 269 305 341 162 130 202 88 170 129 354 201 225 266 374 319 140 411 73 208 169 46 382 194 59 198 255 111 180 85 81 144 142 179 136 118 191 313 261 236 69 196 273 221 171 96 74 98 217 162 340 226 220 314 183 301 0 304 125 332 305 102 351 265 82 412 416 258 258 262 259 431 302 89 383 359 317 75 420 341 78 434 392 180 248 147 203 249 282 233 339 203 158 183 210 336 110 104 352 299 265 285 267 379 67 117 380 244 347 333 430 310 207 245 344 358 248 218 349 244 404 166 336 323 335 367 135 55 328 451 123 304 347 231 208 328 318 152 393 296 255 161 192 319 261
125 93 221 197 142 356 347 39 221 438 313 344 148 238 439 392 250 129 87 331 99 56 235 186 334 220 450 321 121 373 362 223 80 240 127 389 226 367 425 198 431 275 308 126 60 141 309 151 386 187 215 217 265 207 193 156 78 163 161 10 457 244 304 0 424 345 216 304 61 196 332 226 237 61 216 46 315 223 172 358 169 114 174 297 227 280 343 207 180 293 92 377 103 297 104 264 188 117 162 130 348 425 377 231 428 256 312 29 164 183 255 197 107 237 97 299 253 38 97 119 179 385 362 363 257 201 263 361 73 173 232 268 322 353 124 213 190 111 246 119 97 26 309 190 249 97 49 445 187 185 266
350 501 316 413 317 138 141 391 424 410 191 134 303 190 80 78 471 327 348 359 499 432 220 536 98 283 61 104 507 258 66 272 379 198 304 44 206 127 44 301 17 225 223 438 375 335 123 321 347 307 253 207 192 217 338 287 451 319 344 434 81 417 125 424 0 430 381 146 474 346 159 535 539 382 376 384 356 555 390 140 508 485 406 137 544 453 91 559 517 220 373 120 321 350 387 288 426 328 268 297 289 409 146 200 427 361 363 407 390 504 190 242 505 359 472 441 552 433 328 371 434 448 327 292 417 364 523 158 460 412 454 483 159 99 429 576 235 407 464 336 331 449 422 251 513 402 376 53 315 442 370
411 333 158 513 399 292 467 315 129 115 472 458 391 360 497 460 130 245 283 70 321 399 409 269 405 454 488 378 305 187 373 448 268 387 280 385 291 475 463 190 446 213 493 232 362 415 396 223 112 440 421 341 260 318 168 256 423 425 197 353 505 103 332 345 430 0 514 421 335 477 271 224 217 290 131 309 73 254 481 290 250 283 490 396 234 84 411 279 249 477 258 479 328 83 419 499 511 262 353 342 146 100 289 371 95 535 67 317 181 230 273 267 320 117 288 56 219 314 308 229 506 39 115 150 563 148 173 493 301 492 135 123 455 331 458 299 342 438 129 392 295 349 37 381 174 422 318 480 190 175 88
104 303 359 40 115 388 250 222 410 579 199 253 125 217 354 316 449 269 235 475 312 171 166 403 284 99 376 289 336 465 341 110 261 194 233 367 266 270 359 327 379 357 173 333 167 98 261 290 514 85 134 217 319 230 345 260 165 91 318 217 373 426 305 216 381 514 0 234 274 41 376 442 452 241 385 225 461 440 45 392 386 331 51 248 443 469 290 423 397 168 269 281 186 443 112 101 57 252 171 173 459 568 413 201 578 45 461 231 346 398 302 267 320 396 314 480 468 254 206 295 70 551 487 472 49 367 473 248 290 56 429 467 226 360 108 429 198 108 443 122 220 235 482 158 458 120 211 374 324 386 426
210 391 273 267 179 185 49 277 371 441 60 42 166 73 136 90 420 239 244 359 392 301 76 449 50 136 151 64 405 296 112 125 280 63 205 135 133 65 130 246 146 211 91 351 248 194 34 244 373 162 108 97 162 118 282 202 316 176 274 313 155 373 102 304 146 421 234 0 361 199 185 462 468 275 327 272 350 475 244 189 422 387 260 26 468 416 56 473 433 82 278 74 202 338 248 145 279 233 142 174 310 435 208 74 450 216 355 294 321 424 148 166 399 320 371 412 483 322 216 285 288 450 346 319 271 310 465 73 355 266 400 435 34 144 287 487 118 266 413 200 223 330 402 116 452 263 261 147 255 374 342
186 31 235 250 204 394 406 84 205 437 373 402 210 292 495 447 223 159 127 333 38 103 294 132 388 282 504 373 62 394 410 285 102 298 171 437 271 425 479 219 483 305 370 103 122 202 364 176 393 248 276 271 304 257 203 194 117 224 174 57 513 231 351 61 474 335 274 361 0 257 369 180 191 93 213 90 318 171 228 396 121 64 227 352 178 260 397 151 132 355 112 435 159 301 162 326 239 151 219 187 364 423 413 288 424 315 313 67 159 139 296 238 46 239 51 283 206 41 147 131 228 373 371 378 311 203 224 421 34 225 208 240 381 397 173 155 245 166 220 181 143 38 298 249 211 153 100 499 206 162 265
74 287 321 67 77 347 220 196 377 539 170 222 86 177 324 284 418 233 202 436 295 158 128 381 248 63 345 251 317 424 303 74 231 155 196 329 225 241 327 288 345 317 149 306 141 63 225 254 474 44 95 177 278 189 309 222 159 52 282 199 344 392 265 196 346 477 41 199 257 0 335 417 427 212 350 197 423 418 48 351 362 309 63 211 419 435 255 403 374 140 238 252 150 405 94 82 80 217 131 134 419 529 372 161 539 62 423 207 314 373 261 226 303 360 292 445 443 232 172 262 90 514 447 432 89 331 445 222 269 70 397 436 195 320 108 410 157 99 412 89 186 218 446 117 430 106 183 343 287 355 389
304 390 167 396 275 26 219 294 273 263 245 210 261 160 227 195 319 210 245 201 384 359 216 402 150 283 217 125 387 113 104 273 267 187 205 114 116 221 192 161 175 73 274 308 300 296 152 196 196 290 244 158 67 149 195 176 383 290 210 343 235 263 82 332 159 271 376 185 369 335 0 391 393 277 226 286 197 414 366 28 373 362 380 158 401 296 153 423 381 262 258 223 242 191 334 312 403 218 213 230 135 260 44 176 276 375 204 308 251 366 80 136 389 205 352 282 405 328 238 246 406 291 173 140 422 217 372 246 346 385 303 329 218 60 381 442 180 357 312 285 235 353 264 218 363 346 283 209 176 298 213
342 160 224 424 349 418 511 221 123 339 493 504 349 388 579 533 94 222 227 259 147 279 413 56 471 426 581 448 121 362 469 425 192 405 259 491 337 526 554 234 548 317 499 114 276 355 451 219 321 397 407 364 343 343 197 260 297 374 191 228 594 143 412 226 535 224 442 462 180 417 391 0 11 206 166 220 248 30 398 419 58 115 400 444 11 139 479 57 48 483 190 535 281 237 330 473 414 230 336 309 321 324 428 390 318 479 240 210 145 43 345 300 141 192 130 167 26 188 260 176 405 254 310 333 484 174 57 532 154 399 98 100 490 440 350 75 347 338 98 330 249 213 192 370 50 324 234 573 220 93 199
352 171 226 435 359 420 517 231 122 333 500 511 358 395 584 539 90 229 236 256 158 291 421 68 476 435 585 453 133 361 473 434 201 412 266 495 342 533 558 237 552 320 507 123 286 365 457 225 317 406 415 371 346 349 200 266 308 384 197 239 598 141 416 237 539 217 452 468 191 427 393 11 0 216 167 230 245 37 409 421 69 126 411 450 18 134 485 66 59 491 198 541 290 235 340 482 425 238 344 317 320 318 429 397 312 489 237 221 149 54 349 305 153 192 142 162 15 199 269 184 416 247 307 331 495 176 47 539 165 410 96 94 497 443 361 84 355 349 94 340 257 224 187 378 43 335 244 578 224 97 198
138 119 160 231 142 301 322 24 172 378 295 317 142 204 406 358 208 69 33 271 117 109 215 179 298 219 414 281 130 312 317 219 22 213 77 344 177 340 388 137 390 216 297 93 75 149 274 90 325 190 203 181 211 166 133 101 134 168 100 71 423 192 258 61 382 290 241 275 93 212 277 206 216 0 159 18 256 211 201 304 156 112 207 263 210 232 307 203 167 281 32 350 77 237 134 266 225 59 136 106 287 366 321 201 370 275 253 33 110 163 203 144 124 179 96 247 232 52 59 61 219 330 301 302 287 143 232 340 79 208 188 226 298 303 168 215 157 149 203 124 52 77 255 170 217 134 30 408 125 144 208
282 219 60 383 273 252 376 184 47 224 371 368 266 258 429 386 95 116 152 120 208 268 299 188 325 334 427 300 198 200 312 330 137 281 155 332 194 389 400 81 390 153 386 115 230 287 309 97 180 316 304 236 185 212 46 136 293 299 67 224 442 45 258 216 376 131 385 327 213 350 226 166 167 159 0 177 104 192 351 253 161 173 360 305 176 89 332 206 165 369 126 395 199 88 288 381 380 133 233 217 162 210 262 265 213 410 99 187 53 148 191 161 209 28 172 94 178 187 179 97 375 170 161 175 434 19 146 401 180 361 77 108 360 279 326 226 229 306 88 263 165 222 97 264 136 291 187 419 73 77 51
123 118 176 213 130 310 318 7 190 396 289 314 131 202 405 357 226 82 41 289 119 91 209 189 298 208 414 282 135 326 321 208 40 209 82 348 182 337 389 152 392 228 289 108 58 135 274 105 342 177 194 180 220 167 150 110 117 154 117 57 422 211 262 46 384 309 225 272 90 197 286 220 230 18 177 0 273 223 184 313 167 119 189 262 223 250 307 212 179 273 51 347 70 255 116 254 207 70 131 100 302 383 330 198 388 259 271 23 129 176 210 151 126 197 102 266 245 49 56 80 201 348 318 317 270 161 247 335 83 190 206 244 294 309 150 223 155 131 220 110 54 67 273 163 233 116 14 408 141 161 226
362 323 102 465 346 219 395 280 129 122 404 386 336 293 423 387 155 198 241 15 312 365 344 282 333 394 414 305 301 122 300 387 235 320 229 312 223 403 389 134 373 141 425 219 320 364 324 175 76 383 358 275 189 253 123 200 390 370 155 324 432 105 259 315 356 73 461 350 318 423 197 248 245 256 104 273 0 277 432 218 257 277 443 324 259 117 338 297 260 410 223 407 278 18 375 437 465 216 294 288 80 110 218 304 117 479 8 286 158 241 202 203 313 78 277 94 251 289 260 195 462 99 62 88 511 115 208 422 285 446 150 157 385 258 417 317 279 395 151 342 248 324 71 320 204 380 280 406 138 174 54
343 147 247 419 353 441 524 223 150 369 503 518 354 402 595 549 124 236 235 288 135 274 423 39 487 431 598 465 109 390 488 431 199 416 270 512 354 540 572 254 567 340 508 123 276 357 466 235 350 400 414 377 363 357 219 275 289 377 210 223 611 171 431 223 555 254 440 475 171 418 414 30 37 211 192 223 277 0 395 442 55 109 396 458 19 169 495 29 44 491 199 549 288 266 327 477 409 242 345 317 349 354 452 403 348 479 269 210 164 51 364 316 128 218 126 197 44 186 268 189 399 284 339 361 480 198 85 544 149 395 127 130 502 461 344 46 359 334 127 333 257 207 222 379 80 321 237 591 240 115 227
70 257 330 32 91 381 268 181 372 552 219 270 105 213 372 331 410 236 199 447 266 125 170 358 291 110 392 292 291 447 344 120 222 195 203 371 252 289 373 298 390 339 198 291 125 71 267 259 490 82 137 208 305 217 313 233 120 75 284 172 392 390 302 172 390 481 45 244 228 48 366 398 409 201 351 184 432 395 0 384 341 286 15 253 399 432 299 378 353 189 230 300 154 414 68 130 37 219 153 147 437 541 405 198 550 90 432 188 309 354 289 246 274 364 269 444 424 210 173 257 43 519 463 451 86 333 431 270 246 22 390 428 243 357 64 383 185 62 404 91 186 190 448 149 416 74 171 390 294 345 394
325 417 194 414 295 3 218 320 300 273 249 209 280 174 213 185 345 237 272 220 412 384 229 430 148 297 200 125 415 120 94 286 294 199 231 97 138 217 177 189 156 101 279 336 325 316 154 224 208 307 258 176 93 169 222 203 407 309 238 369 219 289 89 358 140 290 392 189 396 351 28 419 421 304 253 313 218 442 384 0 401 390 399 163 428 321 149 451 409 269 285 217 266 213 356 323 422 245 234 252 150 271 21 190 288 388 225 335 279 393 104 162 417 231 380 306 432 355 264 274 426 308 187 153 437 244 398 244 374 405 329 354 220 49 403 470 200 379 338 306 261 380 286 235 389 369 309 192 204 326 237
288 103 209 366 297 400 470 167 128 362 449 465 298 349 545 498 121 184 180 271 89 222 368 28 436 375 549 415 65 361 441 375 144 362 217 465 304 487 522 211 519 300 452 71 221 302 415 186 333 345 359 325 318 305 179 224 238 322 164 170 561 153 383 169 508 250 386 422 121 362 373 58 69 156 161 167 257 55 341 401 0 57 343 406 57 166 445 51 11 436 145 496 232 244 273 422 357 189 290 261 323 348 413 349 344 424 251 155 122 20 317 267 84 189 72 193 84 131 213 138 347 285 318 336 427 162 106 490 96 342 114 134 448 416 292 69 305 281 121 277 202 155 214 324 94 267 181 542 197 84 204
236 51 209 310 248 388 434 118 154 391 407 429 251 314 515 468 164 157 142 292 38 165 327 71 406 327 521 387 25 368 419 328 107 325 183 444 279 452 495 202 495 292 408 59 169 250 383 167 354 295 314 291 301 273 177 197 181 271 153 114 531 180 359 114 485 283 331 387 64 309 362 115 126 112 173 119 277 109 286 390 57 0 287 374 114 204 415 93 67 392 111 461 189 261 218 372 300 157 249 218 333 377 404 312 376 370 271 103 123 74 297 242 36 201 17 228 141 77 171 116 290 321 335 347 371 168 160 452 40 286 151 179 410 399 235 103 269 225 161 227 163 98 246 282 147 211 133 515 187 108 223
81 256 340 23 105 395 283 186 379 563 234 285 119 228 387 346 416 245 207 458 266 124 186 358 307 125 407 308 290 460 359 135 228 210 214 386 266 304 389 309 406 352 212 295 131 85 283 268 502 98 153 223 319 231 323 244 115 90 293 173 407 398 317 174 406 490 51 260 227 63 380 400 411 207 360 189 443 396 15 399 343 287 0 269 401 439 315 378 354 204 237 315 164 425 73 143 22 228 167 159 450 552 420 214 560 97 442 192 316 357 303 259 274 373 271 452 427 212 183 265 27 529 475 464 83 342 435 285 247 6 396 434 258 372 57 383 199 62 410 102 195 190 457 164 421 76 177 405 304 351 403
213 381 249 278 180 159 71 267 349 414 86 63 167 59 142 94 399 222 232 333 381 299 83 434 39 149 153 42 393 269 93 138 266 61 190 118 111 83 129 223 139 184 116 335 244 198 14 225 346 170 116 82 136 101 260 184 315 182 254 306 160 351 75 297 137 396 248 26 352 211 158 444 450 263 305 262 324 458 253 163 406 374 269 0 451 393 47 458 417 105 263 91 194 312 250 164 289 218 136 167 283 409 183 66 423 234 329 285 301 407 122 146 388 297 359 388 465 312 206 268 297 424 320 292 288 288 445 97 343 275 379 414 61 120 291 473 107 270 391 200 211 323 377 114 432 265 252 148 233 355 317
345 157 233 424 352 427 517 223 133 350 498 511 353 395 587 541 105 229 232 270 144 279 419 50 478 429 589 456 118 373 478 429 196 411 265 500 345 533 562 243 556 327 504 119 278 358 458 226 332 400 411 371 352 350 206 267 296 377 200 228 602 153 420 227 544 234 443 468 178 419 401 11 18 210 176 223 259 19 399 428 57 114 401 451 0 150 487 47 46 488 195 542 285 248 331 476 414 236 341 314 332 335 438 397 329 481 251 212 153 46 353 307 138 202 130 178 28 189 265 183 405 265 321 344 484 184 66 538 154 400 109 111 496 449 349 65 353 339 108 333 253 212 203 375 60 325 237 581 229 102 210
364 255 143 462 358 321 464 255 59 199 460 456 352 348 511 470 45 203 233 126 242 336 389 184 410 423 507 384 224 239 391 419 210 371 243 408 282 476 480 170 468 227 476 158 307 371 396 186 184 403 394 325 267 302 135 226 359 385 154 287 523 44 341 280 453 84 469 416 260 435 296 139 134 232 89 250 117 169 432 321 166 204 439 393 150 0 417 194 164 459 201 482 284 112 366 469 458 219 322 304 197 185 325 355 180 496 109 254 122 146 275 250 240 96 210 28 137 245 263 174 451 118 177 205 516 108 92 489 226 440 53 41 449 353 400 214 319 382 44 346 249 279 53 354 91 366 262 499 163 97 83
260 425 274 322 228 146 69 312 378 416 108 60 214 105 100 54 427 260 274 345 424 346 129 473 9 192 107 32 436 266 61 181 308 109 231 80 142 68 82 251 92 197 141 374 291 245 34 260 349 216 162 126 151 141 289 221 363 229 288 352 116 377 78 343 91 411 290 56 397 255 153 479 485 307 332 307 338 495 299 149 445 415 315 47 487 417 0 496 455 135 304 69 239 328 297 201 335 258 183 213 286 412 166 113 428 273 343 329 335 444 142 179 431 320 401 410 499 356 250 306 342 436 324 293 328 317 476 94 387 321 408 441 76 101 338 512 152 317 420 248 255 369 396 162 464 313 297 101 263 388 338
330 124 258 401 342 450 521 211 168 394 498 515 344 399 596 550 148 235 230 309 113 255 417 23 488 420 601 467 88 406 493 421 193 412 268 517 356 538 574 262 571 350 500 122 263 344 466 238 371 389 406 375 369 356 228 275 268 365 215 206 612 191 434 207 559 279 423 473 151 403 423 57 66 203 206 212 297 29 378 451 51 93 378 458 47 194 496 0 42 484 195 547 280 285 311 466 390 240 339 309 367 379 463 399 374 463 289 197 172 58 369 318 106 234 111 222 73 171 261 190 379 311 359 379 462 210 114 540 133 377 148 156 498 468 324 20 355 316 150 321 251 188 246 372 107 303 226 594 247 128 246
300 111 216 378 309 407 481 179 130 362 460 475 310 359 555 509 119 194 192 273 98 232 379 22 446 386 559 425 73 366 450 386 155 373 228 474 314 498 532 219 528 308 464 81 232 313 425 196 335 356 370 335 327 315 186 234 249 333 173 181 571 155 392 180 517 249 397 433 132 374 381 48 59 167 165 179 260 44 353 409 11 67 354 417 46 164 455 42 0 447 156 507 244 247 284 433 368 199 301 273 327 348 420 360 344 435 253 167 129 18 326 277 93 193 83 192 74 143 224 148 358 283 321 340 438 168 99 501 107 353 114 131 459 425 303 61 316 292 120 289 213 166 214 335 88 278 193 552 205 88 207
178 386 321 205 152 265 83 275 408 510 31 87 145 116 186 149 456 265 255 420 389 275 70 460 131 81 208 146 407 370 194 74 292 89 225 215 186 102 193 290 216 276 16 368 233 160 116 276 441 116 78 135 228 158 323 234 284 138 308 300 205 415 180 293 220 477 168 82 355 140 262 483 491 281 369 273 410 491 189 269 436 392 204 105 488 459 135 484 447 0 293 113 204 395 214 68 220 253 146 174 379 503 288 105 516 141 413 291 351 441 212 210 397 368 376 460 506 320 223 307 230 509 414 389 198 351 495 81 356 210 435 473 61 225 243 496 140 227 449 176 234 319 453 112 481 229 259 207 296 402 392
165 132 129 261 164 283 326 57 141 346 304 320 161 204 404 356 180 48 37 239 127 142 224 171 295 237 410 276 133 284 307 236 11 217 72 334 167 343 383 109 383 193 309 75 106 174 272 64 294 211 217 181 194 162 100 86 167 190 68 102 420 160 248 92 373 258 269 278 112 238 258 190 198 32 126 51 223 199 230 285 145 111 237 263 195 201 304 195 156 293 0 352 92 205 164 285 256 46 146 119 257 333 301 204 337 300 220 63 79 148 188 131 132 146 98 215 214 73 70 28 250 297 270 272 316 110 208 345 89 238 160 198 303 290 200 209 160 181 174 148 58 104 222 180 194 165 61 403 96 117 175
277 465 338 318 246 214 32 351 440 486 82 33 235 147 72 42 489 313 319 414 466 370 144 523 74 190 95 101 480 335 124 180 355 137 279 133 201 11 84 314 111 266 111 425 320 260 85 316 419 221 171 171 219 191 351 274 384 240 345 386 91 440 147 377 120 479 281 74 435 252 223 535 541 350 395 347 407 549 300 217 496 461 315 91 542 482 69 547 507 113 352 0 276 396 314 181 332 307 216 247 356 482 232 148 498 253 412 368 392 497 208 237 473 385 446 476 556 396 291 359 342 505 394 363 310 379 536 38 429 322 469 504 58 168 350 562 192 331 482 269 298 404 463 187 523 330 335 95 324 446 404
83 188 176 186 73 263 247 74 226 399 218 243 69 134 336 288 269 83 54 293 190 118 138 256 230 145 347 217 205 304 259 143 89 138 49 287 128 266 322 144 327 197 220 166 58 87 206 105 338 119 126 114 175 105 160 81 141 100 132 113 354 241 203 103 321 328 186 202 159 150 242 281 290 77 199 70 278 288 154 266 232 189 164 194 285 284 239 280 244 204 92 276 0 260 100 192 186 66 60 29 288 387 285 128 396 211 278 91 164 239 162 107 197 210 172 294 306 120 22 113 184 366 311 303 235 181 301 264 154 167 248 287 223 254 146 292 87 122 263 63 35 129 296 92 286 109 59 341 140 209 240
344 307 84 447 328 214 383 262 117 141 390 375 318 279 415 378 147 180 223 33 296 347 329 269 322 377 407 295 286 127 292 371 217 305 211 306 209 392 382 116 366 130 411 203 302 346 312 157 92 366 342 260 177 238 105 183 372 353 137 306 425 94 249 297 350 83 443 338 301 405 191 237 235 237 88 255 18 266 414 213 244 261 425 312 248 112 328 285 247 395 205 396 260 0 357 421 446 198 278 270 85 128 215 290 135 462 18 268 141 228 190 187 297 61 261 93 242 272 242 177 444 113 74 95 493 97 201 410 268 428 139 151 372 251 399 305 263 377 142 324 230 306 72 303 196 362 262 399 120 160 39
37 193 273 96 69 353 282 113 306 497 239 281 83 198 383 338 342 176 135 390 201 64 171 290 289 133 399 284 224 403 332 139 155 188 149 360 218 303 378 243 390 296 226 223 58 54 264 200 437 97 143 186 269 187 253 181 70 75 223 105 402 325 282 104 387 419 112 248 162 94 334 330 340 134 288 116 375 327 68 356 273 218 73 250 331 366 297 311 284 214 164 314 100 357 0 170 91 159 124 105 389 485 377 186 492 152 374 120 243 286 255 204 209 303 201 380 356 141 115 192 87 458 411 403 154 271 362 291 178 74 322 361 256 337 46 317 158 22 337 51 126 124 385 135 348 15 104 396 237 278 333
140 357 340 140 124 319 152 255 414 545 99 156 123 154 254 218 460 267 247 449 363 234 97 443 195 47 277 206 384 414 257 51 281 126 227 280 219 171 262 308 284 313 71 358 204 123 177 283 477 77 78 165 267 185 336 244 239 101 315 269 273 425 233 264 288 499 101 145 326 82 312 473 482 266 381 254 437 477 130 323 422 372 143 164 476 469 201 466 433 68 285 181 192 421 170 0 156 253 147 167 417 537 343 139 549 72 439 269 353 430 250 233 371 384 355 475 498 296 214 305 168 533 450 429 129 361 493 147 333 150 438 477 129 284 190 475 157 179 453 145 227 288 471 117 479 184 240 276 310 401 411
104 266 362 17 128 418 301 203 398 585 250 303 142 250 405 365 433 267 227 479 276 135 206 370 327 144 426 329 302 483 381 154 247 232 236 407 289 321 408 331 425 375 227 312 150 108 304 290 524 119 173 246 342 254 344 267 123 113 314 186 424 417 339 188 426 511 57 279 239 80 403 414 425 225 380 207 465 409 37 422 357 300 22 289 414 458 335 390 368 220 256 332 186 446 91 156 0 249 190 182 472 574 443 235 582 101 464 208 335 371 326 282 284 394 284 472 441 226 204 284 13 549 497 486 74 362 451 301 260 18 414 451 276 394 65 393 222 77 428 125 216 202 477 187 436 92 195 423 326 368 424
149 175 114 251 139 242 281 77 161 338 262 276 133 159 358 311 206 17 29 231 171 155 183 216 249 206 364 230 179 257 262 202 51 174 28 288 122 298 337 86 337 158 270 118 105 154 227 40 280 184 180 135 152 116 94 42 181 166 65 127 374 175 203 117 328 262 252 233 151 217 218 230 238 59 133 70 216 242 219 245 189 157 228 218 236 219 258 240 199 253 46 307 66 198 159 253 249 0 108 86 236 326 262 160 333 277 215 91 100 191 145 87 177 145 144 228 253 110 45 54 246 300 254 250 301 115 242 302 133 231 185 224 260 246 201 255 117 179 199 129 32 136 230 142 228 164 71 357 78 149 175
91 249 195 185 62 230 187 135 267 409 158 183 47 78 277 230 314 121 109 308 250 164 78 315 174 101 289 164 266 294 210 96 145 78 80 238 98 206 265 162 273 186 163 222 108 82 149 136 344 88 72 62 151 64 188 97 183 80 167 170 295 278 158 162 268 353 171 142 219 131 213 336 344 136 233 131 294 345 153 234 290 249 167 136 341 322 183 339 301 146 146 216 60 278 124 147 190 108 0 31 288 399 255 70 410 184 296 152 207 295 135 95 258 237 233 327 360 180 77 162 193 389 316 301 220 214 350 203 214 172 292 331 162 213 169 351 35 146 307 72 87 188 324 34 336 137 119 284 163 257 265
78 217 186 179 57 249 218 104 248 406 189 214 48 108 308 261 293 101 81 302 219 136 108 286 204 119 320 193 235 301 237 117 117 110 62 265 114 237 295 154 302 193 191 194 78 76 179 120 343 98 97 89 164 85 175 87 157 82 150 139 326 261 183 130 297 342 173 174 187 134 230 309 317 106 217 100 288 317 147 252 261 218 159 167 314 304 213 309 273 174 119 247 29 270 105 167 182 86 31 0 290 396 272 101 405 193 288 120 186 267 150 100 226 225 202 312 333 149 48 138 182 379 315 304 222 198 326 234 183 163 271 310 193 236 151 321 61 127 286 57 60 156 312 63 312 116 88 315 152 234 254
368 375 128 470 346 151 350 310 199 131 367 341 334 265 362 330 232 220 265 76 365 392 321 350 283 379 350 256 359 42 239 371 269 293 239 247 198 354 327 150 306 104 393 274 339 366 279 197 62 376 341 252 151 233 160 207 417 368 190 359 368 179 210 348 289 146 459 310 364 419 135 321 320 287 162 302 80 349 437 150 323 333 450 283 332 197 286 367 327 379 257 356 288 85 389 417 472 236 288 290 0 126 145 279 141 469 88 320 210 309 168 192 368 134 330 175 327 330 275 233 472 158 38 14 508 165 286 377 333 454 223 236 344 195 434 387 264 410 227 347 265 362 151 306 281 397 306 342 161 239 122
471 425 212 574 453 274 476 390 223 14 493 467 442 387 485 455 230 309 352 95 414 475 441 368 409 496 471 382 400 151 364 488 344 415 338 368 318 480 449 243 426 226 517 322 431 472 405 285 63 488 459 372 275 352 234 308 501 477 266 434 490 196 336 425 409 100 568 435 423 529 260 324 318 366 210 383 110 354 541 271 348 377 552 409 335 185 412 379 348 503 333 482 387 128 485 537 574 326 399 396 126 0 263 400 18 584 112 396 264 329 291 305 414 187 379 157 320 397 370 305 572 77 89 119 618 223 274 503 390 555 233 224 470 319 528 399 380 506 228 450 358 432 133 422 275 491 391 462 248 269 159
346 433 204 435 316 25 235 338 308 264 268 226 301 196 223 199 351 254 289 218 427 403 250 442 166 318 208 144 429 112 108 307 311 220 249 107 158 233 186 202 163 112 299 349 344 337 173 239 201 328 279 197 111 190 234 220 426 330 251 387 227 295 110 377 146 289 413 208 413 372 44 428 429 321 262 330 218 452 405 21 413 404 420 183 438 325 166 463 420 288 301 232 285 215 377 343 443 262 255 272 145 263 0 211 280 409 225 352 290 404 123 180 432 238 395 308 440 372 282 288 447 304 182 146 458 254 405 261 390 426 337 360 238 65 423 482 221 399 344 327 279 398 287 256 397 389 328 199 217 336 242
150 317 216 226 117 186 121 203 306 408 105 116 103 15 207 160 355 168 170 315 317 233 42 376 104 107 219 97 331 275 147 96 206 15 132 174 82 139 195 186 204 174 121 279 178 136 79 176 340 117 68 30 128 53 219 133 250 123 207 240 225 311 104 231 200 371 201 74 288 161 176 390 397 201 265 198 304 403 198 190 349 312 214 66 397 355 113 399 360 105 204 148 128 290 186 139 235 160 70 101 279 400 211 0 413 198 307 220 252 351 111 105 325 262 297 355 413 248 142 214 241 403 312 290 246 247 397 141 280 220 334 371 99 159 229 413 44 207 348 135 149 257 348 51 384 201 187 214 192 305 287
479 425 219 582 463 291 491 395 221 26 507 482 452 400 502 472 225 316 358 102 413 480 454 364 424 507 488 398 398 168 380 500 349 428 346 386 331 496 466 251 444 240 531 322 437 481 421 292 80 498 471 385 289 364 239 317 505 487 271 437 507 195 352 428 427 95 578 450 424 539 276 318 312 370 213 388 117 348 550 288 344 376 560 423 329 180 428 374 344 516 337 498 396 135 492 549 582 333 410 405 141 18 280 413 0 594 118 399 266 325 305 316 413 191 379 152 313 400 378 309 579 66 104 136 628 227 266 518 391 563 230 218 485 336 534 394 392 512 224 459 365 435 130 433 268 497 396 480 255 267 162
136 345 378 84 137 384 224 258 438 593 172 228 144 214 326 291 480 293 264 492 353 214 158 442 267 91 349 276 377 471 328 101 293 188 255 352 272 243 335 346 357 365 142 368 202 125 247 313 527 96 130 219 323 236 368 279 210 111 343 258 344 453 299 256 361 535 45 216 315 62 375 479 489 275 410 259 479 479 90 388 424 370 97 234 481 496 273 463 435 141 300 253 211 462 152 72 101 277 184 193 469 584 409 198 594 0 480 268 375 435 306 279 361 418 353 505 505 292 233 324 115 572 499 482 56 391 507 218 330 102 459 498 202 351 154 470 205 151 474 151 247 277 505 163 492 162 245 348 345 417 447
361 318 102 464 346 226 400 278 122 125 407 391 336 296 429 392 147 197 239 20 307 362 347 275 338 395 421 311 296 131 306 389 232 323 229 319 226 408 396 134 379 146 428 214 319 364 329 174 82 384 360 278 193 256 121 201 388 371 153 321 438 98 265 312 363 67 461 355 313 423 204 240 237 253 99 271 8 269 432 225 251 271 442 329 251 109 343 289 253 413 220 412 278 18 374 439 464 215 296 288 88 112 225 307 118 480 0 283 153 234 206 205 308 74 272 86 243 286 259 192 461 95 69 96 511 111 200 426 280 445 142 149 389 264 416 310 281 394 143 341 247 320 62 321 196 379 278 413 137 167 48
133 96 192 216 144 332 339 17 194 409 308 335 147 225 427 379 226 102 63 302 98 82 228 175 320 223 437 305 116 345 344 224 51 230 105 371 205 358 411 170 415 249 307 103 65 147 296 123 357 191 212 203 242 190 164 132 106 167 131 38 445 216 285 29 407 317 231 294 67 207 308 210 221 33 187 23 286 210 188 335 155 103 192 285 212 254 329 197 167 291 63 368 91 268 120 269 208 91 152 120 320 396 352 220 399 268 283 0 135 166 233 174 106 208 86 271 236 28 79 90 200 356 333 334 274 172 243 355 65 192 207 244 314 332 147 206 177 131 221 123 77 45 281 183 228 116 32 431 158 161 237
242 166 88 340 238 277 370 134 63 278 357 363 233 248 434 389 106 86 111 173 156 218 280 151 327 306 435 303 148 244 324 303 88 267 127 347 192 385 409 90 403 178 368 64 185 250 308 76 233 283 280 224 198 202 56 119 242 264 47 172 449 81 267 164 390 181 346 321 159 314 251 145 149 110 53 129 158 164 309 279 122 123 316 301 153 122 335 172 129 351 79 392 164 141 243 353 335 100 207 186 210 264 290 252 266 375 153 135 0 114 199 156 158 80 120 136 163 133 142 51 330 220 213 224 394 45 144 393 127 318 85 124 351 296 279 191 211 260 99 225 128 168 145 241 131 244 140 428 75 53 105
299 122 200 380 306 392 472 177 111 344 453 466 306 350 544 498 101 184 185 254 108 237 373 40 435 383 547 414 85 348 438 382 149 365 219 461 302 489 520 205 516 292 458 73 232 312 415 184 317 353 365 326 313 306 170 223 254 331 159 185 559 136 379 183 504 230 398 424 139 373 366 43 54 163 148 176 241 51 354 393 20 74 357 407 46 146 444 58 18 441 148 497 239 228 286 430 371 191 295 267 309 329 404 351 325 435 234 166 114 0 313 265 104 176 88 173 70 144 218 138 362 265 303 322 440 151 86 493 111 356 96 114 451 411 307 78 308 295 102 287 207 170 195 329 74 280 191 540 190 70 189
225 319 132 320 197 100 193 217 237 298 202 185 183 97 238 195 286 140 170 211 315 280 153 346 135 215 236 109 321 164 124 205 196 125 128 148 36 203 210 111 203 64 226 248 221 218 123 131 229 217 176 86 17 72 149 102 303 214 153 266 251 234 67 255 190 273 302 148 296 261 80 345 349 203 191 210 202 364 289 104 317 297 303 122 353 275 142 369 326 212 188 208 162 190 255 250 326 145 135 150 168 291 123 111 305 306 206 233 199 313 0 58 321 178 286 268 362 255 160 182 328 301 202 179 350 176 336 220 277 308 267 299 183 101 301 386 104 277 279 206 157 278 255 144 325 266 206 229 124 252 196
179 262 110 279 155 159 216 159 204 314 210 208 142 97 279 233 253 84 111 215 258 223 142 295 171 191 282 148 265 200 176 184 138 121 69 202 37 229 255 80 253 92 227 196 165 175 152 81 248 184 155 75 69 52 115 45 247 176 109 207 294 207 117 197 242 267 267 166 238 226 136 300 305 144 161 151 203 316 246 162 267 242 259 146 307 250 179 318 277 210 131 237 107 187 204 233 282 87 95 100 192 305 180 105 316 279 205 174 156 265 58 0 264 157 230 250 320 196 102 129 283 300 220 205 316 144 299 239 220 264 233 268 198 159 251 335 76 227 246 158 99 219 242 117 286 215 147 275 88 209 181
232 18 242 296 248 415 445 123 191 428 415 440 253 328 530 483 199 180 157 328 8 149 335 89 422 327 539 405 19 401 440 329 125 336 200 466 299 463 513 232 514 321 413 94 166 248 399 193 390 293 319 306 327 290 209 219 162 269 184 103 548 217 380 107 505 320 320 399 46 303 389 141 153 124 209 126 313 128 274 417 84 36 274 388 138 240 431 106 93 397 132 473 197 297 209 371 284 177 258 226 368 414 432 325 413 361 308 106 158 104 321 264 0 237 37 265 166 77 182 143 273 357 370 382 357 203 191 461 44 271 187 214 420 423 218 108 281 212 197 226 176 84 283 289 178 200 138 532 217 145 259
294 246 47 396 282 231 368 203 69 200 367 360 274 254 415 373 113 128 168 94 235 288 298 216 314 339 411 288 226 172 296 333 157 278 163 314 186 379 385 77 373 133 384 143 247 298 300 106 153 323 307 232 170 209 50 140 314 308 81 246 427 58 244 237 359 117 396 320 239 360 205 192 192 179 28 197 78 218 364 231 189 201 373 297 202 96 320 234 193 368 146 385 210 61 303 384 394 145 237 225 134 187 238 262 191 418 74 208 80 176 178 157 237 0 200 92 202 211 191 118 390 155 133 147 445 36 167 393 207 376 98 124 354 260 344 254 229 322 106 274 178 245 87 267 158 307 205 403 73 105 29
219 46 204 294 231 378 418 101 158 393 391 413 234 299 500 453 172 145 127 292 35 149 311 89 392 309 508 374 35 363 406 311 93 309 169 432 266 436 481 195 482 284 392 57 152 233 369 156 353 278 297 276 291 259 171 185 166 254 146 97 517 184 347 97 472 288 314 371 51 292 352 130 142 96 172 102 277 126 269 380 72 17 271 359 130 210 401 111 83 376 98 446 172 261 201 355 284 144 233 202 330 379 395 297 379 353 272 86 120 88 286 230 37 200 0 234 157 60 155 106 274 326 334 344 354 165 173 436 23 269 158 188 395 387 219 120 253 208 169 210 147 82 251 265 159 195 116 501 180 113 223
376 279 140 475 367 306 460 271 77 171 460 452 360 346 502 462 73 211 245 101 266 354 391 212 404 429 496 377 249 217 380 424 225 371 250 396 279 471 470 169 456 216 477 180 321 382 391 192 157 410 398 325 258 302 138 230 377 394 162 306 512 54 333 299 441 56 480 412 283 445 282 167 162 247 94 266 94 197 444 306 193 228 452 388 178 28 410 222 192 460 215 476 294 93 380 475 472 228 327 312 175 157 308 355 152 505 86 271 136 173 268 250 265 92 234 0 165 265 273 187 466 92 153 182 528 113 119 486 249 454 78 68 446 341 416 242 321 397 72 357 259 300 26 358 119 381 277 488 164 120 72
368 185 238 450 375 431 532 247 132 334 516 526 374 410 598 553 95 244 251 262 172 306 437 79 491 450 599 467 147 369 486 450 216 427 282 508 356 548 572 250 565 331 523 139 302 381 471 239 322 422 431 386 359 364 213 281 323 400 211 254 612 149 430 253 552 219 468 483 206 443 405 26 15 232 178 245 251 44 424 432 84 141 427 465 28 137 499 73 74 506 214 556 306 242 356 498 441 253 360 333 327 320 440 413 313 505 243 236 163 70 362 320 166 202 157 165 0 214 285 199 431 247 313 338 510 188 46 554 180 426 104 96 512 456 376 89 370 365 100 356 273 239 190 394 46 350 260 591 237 110 206
158 68 201 235 172 353 367 45 187 411 337 363 176 252 454 407 214 119 85 305 70 93 257 149 347 251 464 332 88 358 369 252 62 258 129 396 229 386 438 182 441 266 335 89 91 173 323 137 363 218 241 230 263 216 170 153 114 194 139 42 472 211 310 38 433 314 254 322 41 232 328 188 199 52 187 49 289 186 210 355 131 77 212 312 189 245 356 171 143 320 73 396 120 272 141 296 226 110 180 149 330 397 372 248 400 292 286 28 133 144 255 196 77 211 60 265 214 0 106 96 217 353 340 344 295 174 225 383 37 211 196 231 343 355 162 179 205 150 209 150 102 34 277 212 210 135 61 458 169 149 238
103 175 158 205 95 261 263 62 204 382 236 258 91 146 348 300 247 62 33 275 175 122 156 237 241 166 357 226 189 293 265 165 68 153 36 293 129 281 332 128 336 188 239 145 65 108 217 85 322 141 146 124 171 111 140 68 146 122 111 107 366 219 207 97 328 308 206 216 147 172 238 260 269 59 179 56 260 268 173 264 213 171 183 206 265 263 250 261 224 223 70 291 22 242 115 214 204 45 77 48 275 370 282 142 378 233 259 79 142 218 160 102 182 191 155 273 285 106 0 91 201 346 296 289 255 160 279 280 138 185 226 265 239 256 159 273 99 136 241 84 13 121 275 111 264 122 48 351 122 187 220
190 146 104 288 187 272 334 86 114 318 316 328 183 212 406 360 156 46 60 211 139 171 238 166 298 257 411 277 140 262 304 255 39 228 82 329 166 350 384 89 382 177 324 67 134 198 277 50 267 233 234 188 185 167 74 85 196 213 43 129 422 132 245 119 371 229 295 285 131 262 246 176 184 61 97 80 195 189 257 274 138 116 265 268 183 174 306 190 148 307 28 359 113 177 192 305 284 54 162 138 233 305 288 214 309 324 192 90 51 138 182 129 143 118 106 187 199 96 91 0 279 268 244 248 342 82 188 355 103 266 135 174 313 283 229 206 171 209 149 173 78 129 193 196 174 194 89 404 75 96 147
104 255 359 30 130 422 311 196 392 583 261 312 145 256 415 374 426 263 223 477 266 125 213 360 335 153 435 336 291 484 387 163 241 238 234 414 291 331 416 329 434 376 238 304 145 110 311 286 522 126 180 250 344 257 340 265 111 117 310 177 434 411 344 179 434 506 70 288 228 90 406 405 416 219 375 201 462 399 43 426 347 290 27 297 405 451 342 379 358 230 250 342 184 444 87 168 13 246 193 182 472 572 447 241 579 115 461 200 330 362 328 283 273 390 274 466 431 217 201 279 0 545 496 486 87 358 442 312 251 21 407 444 285 400 55 382 225 69 421 124 213 192 472 191 428 85 189 433 323 361 420
449 371 193 551 436 309 494 354 168 90 503 485 427 392 518 484 163 283 322 91 359 438 442 303 431 489 507 404 342 196 395 483 307 419 318 405 322 502 483 226 465 240 524 270 400 453 423 261 110 476 455 373 288 351 206 292 463 462 235 392 526 142 358 385 448 39 551 450 373 514 291 254 247 330 170 348 99 284 519 308 285 321 529 424 265 118 436 311 283 509 297 505 366 113 458 533 549 300 389 379 158 77 304 403 66 572 95 356 220 265 301 300 357 155 326 92 247 353 346 268 545 0 123 159 600 187 201 521 339 531 171 154 484 351 497 330 376 476 163 429 333 388 75 416 204 461 357 499 227 212 125
393 379 141 495 373 189 387 325 191 95 403 378 361 299 400 368 217 238 282 51 369 408 354 343 320 410 387 293 360 73 278 402 282 327 261 285 231 392 364 168 344 138 429 276 359 392 316 214 27 405 373 285 186 265 169 230 434 395 201 372 406 167 248 362 327 115 487 346 371 447 173 310 307 301 161 318 62 339 463 187 318 335 475 320 321 177 324 359 321 414 270 394 311 74 411 450 497 254 316 315 38 89 182 312 104 499 69 333 213 303 202 220 370 133 334 153 313 340 296 244 496 123 0 36 536 168 269 414 339 478 212 218 381 233 455 379 295 432 213 372 285 374 127 337 266 418 323 379 177 234 113
382 389 143 483 360 155 358 325 211 123 377 349 347 276 366 336 242 235 279 82 379 406 332 362 290 392 353 263 372 37 244 383 284 304 254 250 210 361 330 165 309 116 403 288 354 380 288 212 55 388 353 264 162 246 174 221 432 381 205 373 372 190 218 363 292 150 472 319 378 432 140 333 331 302 175 317 88 361 451 153 336 347 464 292 344 205 293 379 340 389 272 363 303 95 403 429 486 250 301 304 14 119 146 290 136 482 96 334 224 322 179 205 382 147 344 182 338 344 289 248 486 159 36 0 522 179 296 384 348 468 234 245 353 200 448 400 277 425 237 361 280 377 158 319 291 411 321 345 176 252 133
152 339 409 61 164 433 281 267 457 628 229 285 175 262 382 347 496 318 283 525 349 207 209 442 322 140 406 330 374 514 381 151 308 238 282 406 314 299 391 376 413 406 199 377 212 147 301 340 564 133 178 264 367 278 395 310 197 141 367 256 401 474 349 257 417 563 49 271 311 89 422 484 495 287 434 270 511 480 86 437 427 371 83 288 484 516 328 462 438 198 316 310 235 493 154 129 74 301 220 222 508 618 458 246 628 56 511 274 394 440 350 316 357 445 354 528 510 295 255 342 87 600 536 522 0 416 517 274 331 85 475 514 259 403 139 466 246 145 490 171 269 273 531 205 503 159 257 405 374 431 475
263 211 49 365 254 243 359 168 61 236 353 352 247 240 414 371 110 98 135 130 201 253 280 190 309 315 413 284 193 200 299 310 122 263 136 319 177 372 386 65 377 143 367 109 213 269 293 78 189 297 285 218 172 194 28 117 278 280 49 210 427 64 244 201 364 148 367 310 203 331 217 174 176 143 19 161 115 198 333 244 162 168 342 288 184 108 317 210 168 351 110 379 181 97 271 361 362 115 214 198 165 223 254 247 227 391 111 172 45 151 176 144 203 36 165 113 188 174 160 82 358 187 168 179 416 0 159 383 171 344 91 125 342 267 310 229 210 289 103 244 147 209 115 245 149 274 170 405 55 82 64
370 209 207 458 372 398 514 250 99 288 502 507 370 393 574 530 54 230 246 218 195 318 425 112 468 445 573 444 172 328 458 443 213 412 270 479 334 528 546 224 537 299 512 139 306 381 450 221 277 420 423 369 331 346 186 264 338 398 190 266 587 110 404 263 523 173 473 465 224 445 372 57 47 232 146 247 208 85 431 398 106 160 435 445 66 92 476 114 99 495 208 536 301 201 362 493 451 242 350 326 286 274 405 397 266 507 200 243 144 86 336 299 191 167 173 119 46 225 279 188 442 201 269 296 517 159 0 537 194 435 69 51 495 425 388 132 356 374 60 356 266 254 145 384 14 359 261 565 212 92 166
254 452 346 286 225 240 26 338 444 508 52 36 215 144 108 80 493 310 310 430 454 350 126 516 95 161 132 121 469 359 154 153 347 127 273 167 206 30 122 319 149 281 75 420 303 236 97 316 439 195 149 168 233 190 355 273 361 215 346 369 126 446 166 361 158 493 248 73 421 222 246 532 539 340 401 335 422 544 270 244 490 452 285 97 538 489 94 540 501 81 345 38 264 410 291 147 301 302 203 234 377 503 261 141 518 218 426 355 393 493 220 239 461 393 436 486 554 383 280 355 312 521 414 384 274 383 537 0 418 292 473 508 42 195 323 554 185 306 486 248 289 388 474 172 524 306 322 133 328 446 414
196 43 205 270 209 372 401 80 171 404 372 396 213 284 486 438 190 137 112 300 38 125 292 112 378 288 494 360 51 364 395 289 81 292 156 421 254 419 468 192 469 280 371 69 129 211 354 151 360 256 277 261 283 245 173 175 143 232 145 74 503 197 336 73 460 301 290 355 34 269 346 154 165 79 180 83 285 149 246 374 96 40 247 343 154 226 387 133 107 356 89 429 154 268 178 333 260 133 214 183 333 390 390 280 391 330 280 65 127 111 277 220 44 207 23 249 180 37 138 103 251 339 339 348 331 171 194 418 0 246 175 207 377 378 195 142 237 185 187 188 132 59 264 247 181 171 96 487 178 128 232
85 254 343 24 110 401 290 186 380 567 240 292 124 234 394 353 416 248 209 461 264 121 192 357 313 132 414 314 288 465 366 142 229 217 217 393 271 310 395 312 412 357 218 295 132 89 289 271 505 105 159 229 324 236 325 248 112 96 295 171 413 399 323 173 412 492 56 266 225 70 385 399 410 208 361 190 446 395 22 405 342 286 6 275 400 440 321 377 353 210 238 322 167 428 74 150 18 231 172 163 454 555 426 220 563 102 445 192 318 356 308 264 271 376 269 454 426 211 185 266 21 531 478 468 85 344 435 292 246 0 396 434 264 378 54 380 205 61 411 106 198 188 459 170 420 75 178 412 307 351 406
324 202 138 419 322 329 449 210 30 248 440 442 318 328 505 462 21 171 195 162 189 288 364 135 401 391 504 376 171 265 389 388 167 350 212 409 268 462 477 156 468 230 451 107 264 333 384 158 223 368 365 305 262 282 118 201 310 348 127 238 519 44 335 232 454 135 429 400 208 397 303 98 96 188 77 206 150 127 390 329 114 151 396 379 109 53 408 148 114 435 160 469 248 139 322 438 414 185 292 271 223 233 337 334 230 459 142 207 85 96 267 233 187 98 158 78 104 196 226 135 407 171 212 234 475 91 69 473 175 396 0 38 431 356 354 168 295 337 14 308 213 229 99 326 60 322 219 496 145 46 101
363 230 168 457 361 354 484 248 64 239 477 477 357 365 537 495 18 210 234 167 217 324 402 149 434 430 535 409 196 278 419 427 206 387 250 438 302 497 508 190 497 257 489 142 302 372 418 196 225 407 403 342 293 319 153 238 346 387 164 273 550 66 367 268 483 123 467 435 240 436 329 100 94 226 108 244 157 130 428 354 134 179 434 414 111 41 441 156 131 473 198 504 287 151 361 477 451 224 331 310 236 224 360 371 218 498 149 244 124 114 299 268 214 124 188 68 96 231 265 174 444 154 218 245 514 125 51 508 207 434 38 0 467 384 391 175 332 375 24 347 252 264 94 364 50 359 257 527 180 83 118
219 411 306 262 189 216 26 297 403 476 32 27 178 102 129 89 452 268 269 394 413 313 87 475 74 132 150 94 428 330 137 122 305 86 231 156 167 47 133 278 154 245 65 378 264 201 66 274 407 163 113 126 197 149 314 231 326 181 305 330 149 406 135 322 159 455 226 34 381 195 218 490 497 298 360 294 385 502 243 220 448 410 258 61 496 449 76 498 459 61 303 58 223 372 256 129 276 260 162 193 344 470 238 99 485 202 389 314 351 451 183 198 420 354 395 446 512 343 239 313 285 484 381 353 259 342 495 42 377 264 431 467 0 173 291 512 143 273 444 211 247 348 436 131 482 271 282 148 287 404 376
303 421 218 385 272 46 170 316 326 322 203 161 257 144 166 136 373 242 270 262 417 372 194 445 100 262 156 79 423 169 44 251 297 165 227 54 127 168 132 206 115 126 235 348 313 292 109 232 256 276 225 151 98 151 242 203 393 281 252 364 174 318 55 353 99 331 360 144 397 320 60 440 443 303 279 309 258 461 357 49 416 399 372 120 449 353 101 468 425 225 290 168 254 251 337 284 394 246 213 236 195 319 65 159 336 351 264 332 296 411 101 159 423 260 387 341 456 355 256 283 400 351 233 200 403 267 425 195 378 378 356 384 173 0 382 486 178 359 366 286 256 377 323 208 415 350 304 148 220 347 270
79 201 316 78 111 399 317 144 340 540 271 317 126 242 420 376 373 218 176 432 211 70 210 305 330 162 438 327 236 450 376 170 190 230 194 404 265 338 417 287 431 343 254 250 97 93 305 242 481 128 179 231 316 234 294 226 58 110 263 121 439 361 328 124 429 458 108 287 173 108 381 350 361 168 326 150 417 344 64 403 292 235 57 291 349 400 338 324 303 243 200 350 146 399 46 190 65 201 169 151 434 528 423 229 534 154 416 147 279 307 301 251 218 344 219 416 376 162 159 229 55 497 455 448 139 310 388 323 195 54 354 391 291 382 0 327 204 24 368 96 170 137 423 178 373 37 139 434 279 308 373
338 126 278 405 351 469 535 221 188 414 510 530 354 414 612 565 168 251 243 330 116 258 430 40 503 430 617 483 92 427 510 431 207 426 282 535 372 552 591 281 588 369 512 138 271 353 482 255 392 398 417 390 387 371 248 291 270 374 234 211 628 212 451 213 576 299 429 487 155 410 442 75 84 215 226 223 317 46 383 470 69 103 383 473 65 214 512 20 61 496 209 562 292 305 317 475 393 255 351 321 387 399 482 413 394 470 310 206 191 78 386 335 108 254 120 242 89 179 273 206 382 330 379 400 466 229 132 554 142 380 168 175 512 486 327 0 369 321 171 330 264 193 266 385 126 308 237 610 266 148 266
125 274 184 215 95 196 165 160 268 389 146 160 80 47 249 202 316 126 126 291 274 197 70 332 143 115 259 131 287 267 176 108 162 57 88 204 68 183 234 152 241 160 157 235 140 115 118 136 322 112 79 28 121 32 183 93 217 109 167 200 267 275 123 190 235 342 198 118 245 157 180 347 355 157 229 155 279 359 185 200 305 269 199 107 353 319 152 355 316 140 160 192 87 263 158 157 222 117 35 61 264 380 221 44 392 205 281 177 211 308 104 76 281 229 253 321 370 205 99 171 225 376 295 277 246 210 356 185 237 205 295 332 143 178 204 369 0 180 308 107 105 216 316 41 343 172 145 254 156 263 255
57 195 294 85 89 375 299 126 322 517 254 299 103 219 401 356 357 196 154 410 204 62 190 296 309 146 418 304 228 426 353 153 171 208 170 381 241 320 396 264 409 319 239 235 75 72 284 220 458 111 160 208 292 209 273 203 60 91 242 111 420 342 304 111 407 438 108 266 166 99 357 338 349 149 306 131 395 334 62 379 281 225 62 270 339 382 317 316 292 227 181 331 122 377 22 179 77 179 146 127 410 506 399 207 512 151 394 131 260 295 277 227 212 322 208 397 365 150 136 209 69 476 432 425 145 289 374 306 185 61 337 375 273 359 24 321 180 0 351 73 147 128 403 156 359 15 120 414 257 291 352
339 213 148 434 337 338 462 224 41 243 453 454 332 342 517 474 7 186 209 162 199 302 378 140 413 405 515 388 180 269 400 402 182 363 226 419 280 475 488 168 478 239 465 120 278 348 396 172 223 383 379 319 273 296 131 215 324 363 141 251 530 49 347 246 464 129 443 413 220 412 312 98 94 203 88 220 151 127 404 338 121 161 410 391 108 44 420 150 120 449 174 482 263 142 337 453 428 199 307 286 227 228 344 348 224 474 143 221 99 102 279 246 197 106 169 72 100 209 241 149 421 163 213 237 490 103 60 486 187 411 14 24 444 366 368 171 308 351 0 323 227 242 95 340 54 336 233 507 158 60 106
20 212 239 123 23 303 237 110 288 461 198 236 34 147 336 290 329 147 113 356 217 101 125 298 239 101 351 233 238 359 281 104 142 139 112 309 169 258 329 207 340 251 190 217 59 25 214 168 399 68 99 135 221 137 224 142 115 44 195 125 355 304 231 119 336 392 122 200 181 89 285 330 340 124 263 110 342 333 91 306 277 227 102 200 333 346 248 321 289 176 148 269 63 324 51 145 125 129 72 57 347 450 327 135 459 151 341 123 225 287 206 158 226 274 210 357 356 150 84 173 124 429 372 361 171 244 356 248 188 106 308 347 211 286 96 330 107 73 323 0 97 144 359 85 341 65 96 347 203 266 304
116 170 146 218 109 258 270 60 191 370 246 265 104 152 353 306 234 50 21 263 169 128 166 227 246 179 362 229 182 284 267 177 57 161 30 294 128 288 336 117 339 181 250 134 74 122 222 73 311 155 158 129 168 114 127 61 153 135 98 108 371 206 208 97 331 295 220 223 143 186 235 249 257 52 165 54 248 257 186 261 202 163 195 211 253 249 255 251 213 234 58 298 35 230 126 227 216 32 87 60 265 358 279 149 365 247 247 77 128 207 157 99 176 178 147 259 273 102 13 78 213 333 285 280 269 147 266 289 132 198 213 252 247 256 170 264 105 147 227 97 0 120 262 122 251 132 48 356 110 173 208
148 69 234 213 167 377 373 60 222 446 339 370 174 264 465 418 246 147 108 340 76 67 261 168 360 245 476 346 100 389 386 249 93 266 150 414 249 393 451 213 456 294 334 122 85 165 335 167 397 211 241 243 287 232 204 177 84 187 172 19 483 246 328 26 449 349 235 330 38 218 353 213 224 77 222 67 324 207 190 380 155 98 190 323 212 279 369 188 166 319 104 404 129 306 124 288 202 136 188 156 362 432 398 257 435 277 320 45 168 170 278 219 84 245 82 300 239 34 121 129 192 388 374 377 273 209 254 388 59 188 229 264 348 377 137 193 216 128 242 144 120 0 312 216 240 115 72 471 201 182 273
379 296 132 480 368 287 449 279 92 148 451 440 360 338 486 447 97 212 249 76 284 363 385 235 390 426 479 363 268 193 363 420 233 363 250 378 269 458 453 163 438 200 469 194 327 383 379 191 131 410 394 317 244 294 137 227 387 394 164 317 496 66 318 309 422 37 482 402 298 446 264 192 187 255 97 273 71 222 448 286 214 246 457 377 203 53 396 246 214 453 222 463 296 72 385 471 477 230 324 312 151 133 287 348 130 505 62 281 145 195 255 242 283 87 251 26 190 277 275 193 472 75 127 158 531 115 145 474 264 459 99 94 436 323 423 266 316 403 95 359 262 312 0 354 144 388 283 471 161 138 60
99 279 223 178 66 232 157 166 300 431 125 154 52 64 252 205 347 154 143 332 282 185 45 349 153 74 266 148 298 308 198 67 179 53 114 226 109 177 243 190 254 202 128 256 133 85 128 168 364 72 40 60 161 73 219 127 201 73 200 198 271 309 152 190 251 381 158 116 249 117 218 370 378 170 264 163 320 379 149 235 324 282 164 114 375 354 162 372 335 112 180 187 92 303 135 117 187 142 34 63 306 422 256 51 433 163 321 183 241 329 144 117 289 267 265 358 394 212 111 196 191 416 337 319 205 245 384 172 247 170 326 364 131 208 178 385 41 156 340 85 122 216 354 0 370 150 151 262 193 291 294
356 196 197 444 358 389 501 235 89 289 489 495 356 380 562 518 48 217 231 215 183 304 411 103 456 431 562 432 160 323 448 429 199 399 256 468 322 516 535 213 526 290 498 125 291 367 438 208 275 405 409 356 321 334 175 251 324 384 178 252 576 103 393 249 513 174 458 452 211 430 363 50 43 217 136 233 204 80 416 389 94 147 421 432 60 91 464 107 88 481 194 523 286 196 348 479 436 228 336 312 281 275 397 384 268 492 196 228 131 74 325 286 178 158 159 119 46 210 264 174 428 204 266 291 503 149 14 524 181 420 60 50 482 415 373 126 343 359 54 341 251 240 144 370 0 344 247 554 201 79 160
53 183 279 99 84 365 298 111 306 503 254 297 98 213 399 353 341 181 139 396 192 52 187 283 304 148 415 298 216 413 347 154 156 203 157 375 231 318 393 249 405 306 241 219 60 70 279 205 444 112 158 200 281 200 258 189 55 91 226 97 418 326 296 97 402 422 120 263 153 106 346 324 335 134 291 116 380 321 74 369 267 211 76 265 325 366 313 303 278 229 165 330 109 362 15 184 92 164 137 116 397 491 389 201 497 162 379 116 244 280 266 215 200 307 195 381 350 135 122 194 85 461 418 411 159 274 359 306 171 75 322 359 271 350 37 308 172 15 336 65 132 115 388 150 344 0 104 411 242 276 337
109 129 182 200 115 306 306 15 202 403 276 302 117 192 395 347 239 85 41 296 131 85 196 203 288 193 405 274 148 328 313 194 51 198 78 341 176 325 379 156 384 228 275 122 45 121 264 109 348 163 181 171 216 159 157 108 111 140 125 59 412 222 255 49 376 318 211 261 100 183 283 234 244 30 187 14 280 237 171 309 181 133 177 252 237 262 297 226 193 259 61 335 59 262 104 240 195 71 119 88 306 391 328 187 396 245 278 32 140 191 206 147 138 205 116 277 260 61 48 89 189 357 323 321 257 170 261 322 96 178 219 257 282 304 139 237 145 120 233 96 48 72 283 151 247 104 0 399 146 174 235
358 527 359 410 326 190 124 414 466 464 176 121 313 207 31 58 514 359 375 410 526 447 224 570 110 279 8 127 536 311 107 269 408 208 332 94 238 105 19 341 36 271 206 472 392 342 135 356 400 308 255 228 233 242 379 319 463 324 381 454 27 461 161 445 53 480 374 147 499 343 209 573 578 408 419 408 406 591 390 192 542 515 405 148 581 499 101 594 552 207 403 95 341 399 396 276 423 357 284 315 342 462 199 214 480 348 413 431 428 540 229 275 532 403 501 488 591 458 351 404 433 499 379 345 405 405 565 133 487 412 496 527 148 148 434 610 254 414 507 347 356 471 471 262 554 411 399 0 354 481 416
224 221 36 326 209 203 304 149 116 260 297 296 200 185 361 317 165 61 105 153 213 231 226 225 255 265 361 231 212 188 249 259 108 208 91 271 122 317 334 15 327 105 312 131 183 226 238 37 202 249 233 162 123 139 27 66 257 235 34 197 375 119 192 187 315 190 324 255 206 287 176 220 224 125 73 141 138 240 294 204 197 187 304 233 229 163 263 247 205 296 96 324 140 120 237 310 326 78 163 152 161 248 217 192 255 345 137 158 75 190 124 88 217 73 180 164 237 169 122 75 323 227 177 176 374 55 212 328 178 307 145 180 287 220 279 266 156 257 158 203 110 201 161 193 201 242 146 354 0 127 102
282 158 131 375 281 325 423 165 46 283 409 416 278 301 487 442 65 137 154 188 146 241 332 110 380 353 488 357 130 278 376 351 124 320 177 398 246 438 461 141 455 225 419 60 219 292 361 130 250 328 330 277 250 255 104 172 264 308 100 191 502 72 319 185 442 175 386 374 162 355 298 93 97 144 77 161 174 115 345 326 84 108 351 355 102 97 388 128 88 402 117 446 209 160 278 401 368 149 257 234 239 269 336 305 267 417 167 161 53 70 252 209 145 105 113 120 110 149 187 96 361 212 234 252 431 82 92 446 128 351 46 83 404 347 308 148 263 291 60 266 173 182 138 291 79 276 174 481 127 0 120
324 270 71 426 311 237 389 233 77 172 390 381 303 277 430 390 111 158 198 68 259 318 324 230 332 367 424 305 247 163 308 361 187 303 192 325 209 399 398 103 385 144 409 166 277 327 319 135 130 351 334 257 186 234 80 168 343 337 110 275 441 56 261 266 370 88 426 342 265 389 213 199 198 208 51 226 54 227 394 237 204 223 403 317 210 83 338 246 207 392 175 404 240 39 333 411 424 175 265 254 122 159 242 287 162 447 48 237 105 189 196 181 259 29 223 72 206 238 220 147 420 125 113 133 475 64 166 414 232 406 101 118 376 270 373 266 255 352 106 304 208 273 60 294 160 337 235 416 102 120 0
